          100         800
            5         114         -39         -43         -47          74
          -98
            5         335          -4         -43          47         -64
           77
            4         193          -1          21         -31         -69
            4         995         -20         -29          35         -89
            4         687          -5          29          31          84
            6         200          39          52         -72         -81
          -88          92
            6          94         -14         -43         -54         -71
           74         -89
            2         153         -32         -64
            7         709          -1         -12          23         -65
           85         -90          93
            9          17         -11          16         -29          47
          -57          61          64         -66         -75
            3         945          50          55          62
            2         940          56          94
            7         475          -5         -22         -59          69
           87          94          95
            6         505          38          46          49          56
          -89          92
            6         695           1          20         -26         -43
          -45         -84
            6         582          29         -46         -51          54
           68         -79
            5           5         -19          37          40          46
          -62
            4         518         -24         -53         -79          94
            5         610          -9          44         -46          79
           90
            4         471          32          53          54          95
            5         631          34          49          61          83
           92
            3         320          48         -51          93
            4         283          16         -33         -77         -81
            4         785         -12         -16         -28          85
            9         907          -7           9         -10          20
          -24         -27          31         -67          89
            5         297          30          54          57          60
          -63
            3         613          69         -80         -91
            8         774           2           6         -18          20
           24          70          88         -93
            6         243          -3          25          29          41
          -58         -97
            3         162         -42         -61          78
            4         535         -22          71          81         -90
            4         233           6          67          71         -74
            5         571           3           6           8         -22
          -38
            5         467          -5         -18          71         -86
           97
            6         845          -3         -45         -50         -57
          -76        -100
            4         570         -20          82          87         -90
            5          46           9          71         -73         -76
          -97
            3         588          28          52         -62
            5          86           2           3         -18          56
           64
            3         807          70         -79         100
            7         747         -14          61         -73          77
           79         -82          90
            3         560         -36          71          77
            5          31          -3          -7         -11          38
          -62
            4         829         -40         -50          61          62
            7         667         -14          21          26         -31
           41         -62          75
            5         262           6          15          58          92
          -97
            8           6           5         -11          31          78
          -80         -85          89          95
            7         810          32          49         -67         -80
           84          96         -99
            4         964         -17         -37         -40         -56
            4         516          -4         -34         -43         -63
            8         357          22          33         -34         -44
          -47          50         -58         -60
            5          55         -17          32          54         -77
          -81
            6         335          15         -25         -33         -38
          -70          83
            4         122          -8         -61         -63          87
            5         904         -16          20         -72         -75
         -100
            3         111          12          17          76
            3         180         -24         -64          89
            2          96           4          70
            4          97          36          70         -84         -99
            6         430          16          17         -29         -59
          -71          88
            6         240          13          16          18          50
           88         -94
            9         687           2          22          25          26
          -58          60         -80          84         -99
            2         347          12         -82
            4         214          10         -56          76         -90
            4         357         -15          18         -67          99
            2         199          31         -83
            8         284           7           9          11          46
          -55          58          78          79
            4         973           5          10         -52          88
            5         296          34         -43         -55         -83
          -96
            3         325          -7          66          77
            5         417         -16          25          35         -65
           71
            4         765          -5          61          80          81
            9         364           2          -4         -37         -57
           68         -73         -92          94          99
            3         624          -1           3          39
            5         327          -9         -31         -41          84
           86
            3         838          -4         -27         -42
            2         529          21          60
            2         726         -86         -99
            5         613         -18         -20         -43          45
          -46
            5         998          24          62         -63         -77
           87
            6         499          -5          36          63          72
          -84         -88
            3         777           1          57         -60
            4         296          47          58          69          72
            5         620          26         -40          44         -55
          -60
            5         594           9         -16         -25         -42
          -47
            6         353           9          65          66         -82
           86          88
            6         356          11          12         -27         -30
           57          94
            5         965          14         -29         -38         -75
         -100
            5         627         -10          22         -23          89
           92
            9         387         -14          16          17         -19
           21          22         -24         -29          89
            4         851          -9          75         -81         -93
            2         201         -67          88
            5         468         -18         -27          39          50
          -68
            6         413          -2         -52          60          61
           80          95
            3         259          13         -31          66
            5         868           5         -45          50          67
          -95
            4         221         -15         -23          51          88
            6         715          -3         -42          48          70
           84         -99
            5         933           3         -14          25         -64
          -71
            3         962         -37         -42          89
            6         611           6         -20         -23          33
           59          91
            6         158           8          72          79          88
           90          95
            8         628         -26         -35          46          47
           54         -64         -91          99
            7         659         -18          37         -42          53
          -70          75         -95
            4         548         -12          53          57         -86
            5         371         -26         -39          58         -70
           95
            3         349         -41          60          93
            7         547          38          48          62         -68
           71          89         -91
            3         992         -27          47          76
            7         131           9          10         -15         -29
           37         -39         -89
            2         361          51          93
            3         765           1         -33          44
            9         194          16         -31         -36         -40
           53          58         -71          75         -97
            3          11          18         -25         -93
            5         934           1          36         -46         -57
          -94
            5         538          35          37          55          91
          -94
            2         391          21         -52
            5         122          10          60          63         -90
           96
            3         406         -46          49         -59
            3         492          33          34          65
            6         482          32          38          53          68
           75         -80
            3          75         -15         -32         -92
            7         896          -5          24          29          38
          -50         -91          94
            8         596          -1          12          14         -35
          -37          46         -52         -56
            4         626          -4          55          60         -75
            3        1000          13          40         -75
            2         209          29          85
            5         158         -52         -62         -85          92
          -98
            6          77          18          21         -28          34
           86         -90
            4         993          37          51          52         -87
            8         366          -3         -27         -31          59
           60         -67         -72         -78
            8         498          14          16          33         -46
           53         -54         -91         100
            6         617          -9          25         -36         -68
          -74         -87
            5         160          -8          53          60         -61
           99
            8         356           3         -22         -42          47
          -54         -69         -73         -78
            7         229          -3           5          45         -71
          -85         -89         -93
            3         579          56          63         -74
            5          59          33         -46         -73         -76
           89
            8         976           4           8         -14         -38
           85         -90          97          98
            7         274         -16          42         -52          72
           74          87          88
            5         915          67          80          83          85
          -99
            4         339         -15         -56         -79         -85
            7          14          -4         -14         -25          68
           69         -75          96
            3          70          27          65          91
            5         360          27         -48          56          78
           84
            5         417         -20         -39          52         -93
         -100
            2         481          84         -97
            8         209          -7         -22         -25         -46
          -58          82          83         -94
            6         382          24          56         -61          68
           95         -96
            9         417           4         -33          36         -45
          -48         -84         -89          95          96
            3         707          27         -42          46
            6         650          -2          11         -12         -15
          -93          98
            3         444         -17          27          80
            2         644          -3         -42
            9         732          14          26          50         -51
           68          69          80          88         -96
            7         302          14         -20         -64          68
          -76          79         -80
            5         410         -21         -25         -37         -80
           96
            2         162          15          99
            3         809          61         -74          91
            4         512          26         -57         -66          98
            4         523           8         -70         -72          78
            5          64          34          35         -44         -67
          -73
            9         216           4          28          45          55
           56         -59         -69          84         -95
            4         794         -37          40         -46          49
            4         328           4         -42          58          98
            5         747          48         -55          64         -71
           95
            2         729         -15          33
            9         821          24         -28         -50          53
           59         -66         -69          90         -98
            9         379          -2           5         -17          30
          -35         -51          54         -57         -87
            6         930           1         -23         -32          43
          -44         -62
            4          35          -9          11          50          89
            2         946          54          81
            3         973         -18         -44          99
            3         772         -37          52         -89
            3         234          11         -17         -59
            7         904           4          -8         -27         -36
           56         -70         -82
            6         742          -4          12         -50         -64
           70          77
            2         665          11          36
            2         139           3         -98
            7         423          11          21         -49          65
           80         -86         -96
            4         869          28         -29         -51          75
            3         498         -41         -52         -57
            2         848         -35         -90
            3          20          31         -44         -59
            8          87           5           7         -15         -33
           36         -46          61          79
            6         279           6         -43         -55         -61
           84          89
            3         619          46          86          91
            5         818           4         -24          38         -40
          -60
            3         161          46         -47          59
            7          17          12          28          30         -52
           55          57         -78
            6         300          35         -40          68          79
          -81         -85
            5         593         -13         -52          56         -73
           86
            4         910         -10          30         -40         -78
            4         418         -29         -38          44         -98
            5         510           1         -14          38          40
           93
            5         607          48          61         -81         -90
          -97
            6         163         -23         -52         -63         -80
           83         -98
            3          82           2         -41         -73
            6         626         -10         -21          32         -74
           94         -99
            9         120         -20          25         -38          56
          -66          70          73         -75         -84
            4         536           3          59          64          71
            3         498           3           4          65
            6         273           1         -14         -31         -68
           78          96
            5         979          47          55          58          65
          -98
            6         662          10          29         -35         -52
          -54         -93
            6         665          38         -55         -60          63
           77         -88
            6         488           3         -28          46          49
           55         -71
            3         875         -33         -62         -88
            6         265           4         -18          53         -55
           88          99
            4         105           1          41          62          63
            5          70           2          43          58          70
           92
            2         621          57         -60
            4         879          25         -42         -86         -90
            4         604         -21         -25         -37          94
            9          79         -16          18         -19          29
          -33         -36          40         -76          98
            5         147          39          63          66          69
          -72
            4         290          -2          78         -89        -100
            8         285          -6          11          15         -27
           29          33          79          97
            5          35         -12          34          38          50
          -67
            3         969         -51         -70          87
            4         288         -31          80          90         -99
            4         125          15          76          80         -83
            6         602           6          12          15          17
          -31         -47
            5         411          -9         -14         -27          80
          -95
            5         740         -12         -54         -59         -66
          -85
            5         142          -6         -29          91          96
          -99
            4          16          18          80         -82         -85
            3         945          37          61         -71
            5         982          11          12         -27          65
           73
            2          69           9          25
            2         187          79         -88
            7         934         -23          70         -82          86
           88         -91          99
            3         587         -45          80          86
            5         789         -12         -16         -20          47
          -71
            4         259         -49         -59          70          71
            9         865           1          -6         -23          30
           35         -40          50         -71          84
            4         851           4          15          24          67
            9         772           5          -8          14         -20
           40          87         -89         -94          98
            5          68          41          58         -76         -89
           93
            4         569         -26         -46         -49         -65
            4         994         -13         -43         -52         -72
            8         342          31          42         -43         -53
          -56          59         -67         -69
            5          49         -26          41          63         -86
          -90
            6         285          24         -34         -42         -47
          -79          92
            4          42         -17         -70         -72          96
            2         331          -9          22
            4         496         -25          29         -81         -84
            3         364          21          26          85
            3         464         -33         -73          98
            3         216          -8          13          79
            4         663           3          45          79         -93
            7         331          -3          25          26         -38
          -68         -80          97
            6         818          -8          22          25          27
           59          97
            8         175          11          31          34          35
          -67          69         -89          93
            2         268          21         -91
            5         822           8          19         -65          85
          -99
            3         126         -24          27         -76
            2         417          40         -92
            8         913          16          18          20          55
          -64          67          87          88
            4         204          14          19         -61          97
            2         274          -5         -15
            4         976          43         -52         -64         -92
            3         272         -16          75          86
            5         237         -25          34          44         -74
           80
            7          75          -1           3           8         -14
           70          89          90
            6          26          11         -13         -46         -66
           77         -82
            3         302         -10          12          48
            5         850         -18         -40         -50          93
           95
            3         497         -13         -36         -51
            3         664          -8          30          69
            5          63         -27         -29         -52          54
          -55
            5         115          33          71         -72         -86
           96
            6         858         -14          45          72          81
          -93         -97
            3         250          10          66         -69
            4         317          56          67          78          81
            5         745          35         -49          53         -64
          -69
            5         549          18         -25         -34         -51
          -56
            7         389           3          18          74          75
          -91          95          97
            6         574          -9          20          21         -36
          -39          66
            5         372           1          23         -38         -47
          -84
            4         412         -19          31         -32          98
           10         393          -2         -23          25          26
          -28          30          31         -33         -38          98
            3         628         -18          84         -90
            2         649         -76          97
            6         891           4         -27         -36          48
           59         -77
            5         865         -11         -61          69          70
           89
            4         970          -4          22         -40          75
            4         195          14         -54          59          76
            5         331          -8         -24         -32          60
           97
            6         877           8         -12         -51          57
           79          93
            5         602          12         -23          34         -73
          -80
            3         577         -46         -51          98
            7         979           4          15         -29         -32
           42          68         100
            6         795           8          17          81          88
           97          99
            8          16          -4         -35         -44          55
           56          63         -73        -100
            6         194         -27          46         -51          62
          -79          84
            5          94           4         -21          62          66
          -95
            5         344           2         -35         -48          67
          -79
            2         669         -50          69
            7         645          47          57          71         -77
           80          98        -100
            3         256         -36          56          85
            7         665          18          19         -24         -38
           46         -48         -98
            2         243           2          30
            4         709          -6          10         -42          53
            9          36          -2          25         -40         -45
          -49          62          67         -80          84
            3          91          -3          27         -34
            5         312          -3          10          45         -55
          -66
            4         347          44          46          64         100
            3         999           5          30         -61
            4          90          19          69          72         -99
            3         858         -55          58         -68
            3         811          42          43          74
            7         618          -1          41          47          62
           77          84         -89
            3         595           3         -24         -41
            6         255         -14          33          38          47
          -59        -100
            8         845         -10          21          23         -44
          -46          55         -61         -65
            4         364         -13          64          69         -84
            3         844          22          49         -84
            4         283           1          -7          38          94
            3         799         -61         -71         -94
            6         556          27          30         -37          43
           95         -99
            4         219          46          60          61         -96
            9         824           9         -12         -36         -40
           68          69         -76         -81         -87
            7         298          23          25          42         -55
           62         -63        -100
            7         834           8         -18          34         -45
          -77         -83         -96
            4         561         -17          62          69         -70
            9         805          -2          12         -31         -51
           56         -63         -78         -82         -87
            6         752         -12          14          54         -80
          -94         -98
            3          87          65          72         -83
            7         335           6           7          42         -55
          -82         -85          98
            6         804          13          17         -23         -47
           94         -99
            8         465          -8         -25          51         -61
           81          83          96          97
            4         147          76          89          92          94
            5         252           5         -24         -65         -88
          -94
            6         457         -13         -23         -34          77
           78         -84
            3         817          36          74         100
            7         403          -2          -9          36         -57
           65          87          93
            4         145          -6         -29         -48          61
            2         712          -3          93
            9         270           4          -5         -16         -31
          -34         -55         -67          91          92
            6         393           4           5          33          65
          -70          77
            7         645          13         -42          45         -54
          -57         -93         -98
            5         335          -2           7          36         -51
           55
            4         987         -11          20         -21         -24
            3          33         -26          36          89
            3         207          -5         -12         -51
            8         743          23          35          59         -60
           77          78          89          97
            8         983           5          23         -29         -73
           77         -85          88         -89
            5         546           8         -30         -34         -46
          -89
            4         688           7          70         -83         100
            3         753          35         -66         -75
            4         646          17         -79         -81          87
            6         287          -4          43          44         -53
          -76         -82
            8         326          13          37          54          64
           65         -68         -78          93
            5         708           7         -46          49         -55
           58
            4         501           4          13         -51          67
            4         239          57         -64          73         -80
            3          85          -7         -24          42
            8         288          33         -37         -59          62
           68         -75         -78          99
            9         606         -11          14         -26          39
          -44         -60          63         -66         -96
            6         281          10         -32         -41          52
          -53         -71
            4         669         -18          20          59          98
            3         903           8          63          90
            2         943         -27         -53
            3         429         -46          61         -98
            3         802          20         -26         -68
            7         864          13         -17         -36         -45
           65         -79         -91
            6         373         -13          21         -59         -73
           79          86
            3         197          -7          20          45
            2         194          -5          12
            6          84          20          30         -58          74
           89         -95
            4         388          37         -38         -60          84
            3         177         -50         -61         -66
            2         622         -44         -99
            3         367          40         -53         -68
            8         194          14          16         -24         -42
           45         -55          70          88
            6         810          15         -52         -64         -70
           93          98
            3         819          55          95         100
            5         284          13         -33          47         -49
          -69
            3         477          55         -56          68
            7         911          21          37          39         -61
           64          66         -87
            6          67          44         -49          77          88
          -90         -94
            5         451         -22         -61          65         -82
           95
            5         696          -7         -19          39         -49
          -87
            4         482           2         -38         -47          53
            5         564          -6          10         -23          47
           49
            5          87          -7          57          70         -90
          -99
            5         639         -32         -61         -72         -89
           92
            5          49           3          -8          11         -50
          -82
            4         223         -19         -30          41         -83
            9         626         -29          34         -47          65
          -75          79          82         -84         -93
            4         117          12          68          73          80
            4         370           5          12          13          74
            6         263          -7          10         -23         -40
          -77          87
            5         129          -2          56          64          67
           74
            5         693          19          38         -44         -61
          -63
            6         504          47         -64         -69          72
           86         -97
            6         677          12         -37          55          58
           64         -80
            4         871           8         -42         -71         -97
            5         207          13         -27          62         -64
           97
            5         133           1          10          50          71
           72
            4         197          11          52          67          79
            2          59          66         -69
            5          68           3          34         -51         -95
          -99
            4          87           7         -30         -34         -46
            8         290         -25          27         -28          38
          -42         -45          49         -85
            6         501          -9          48          72          75
           78         -81
            4         988           6         -11          87         -98
            7         128         -15          20          24         -36
           38          42          88
            5         924         -21          43          47          59
          -76
            4         841          -8         -60         -79          96
            3         371         -40          89          99
            4         740          24          85          89         -92
            7         465          -4          15          21          24
           26         -40         -56
            4         211         -18         -23         -36          89
            7         329           5          -8         -21         -63
          -68         -75         -94
            3         486         -15         -38         100
            4         119          27          89         -91         -94
            3         932          46          70         -80
            5         267          20          21         -36          74
           82
            2         752          18          34
            3         644           8          88         -97
            6         170         -32          79         -91          95
           97        -100
            3         412         -54          89          95
            5         633         -21         -25         -29          56
          -80
            4         265         -58         -68          79          80
            9         731          10         -15         -32          39
           44         -49          59         -80          93
            6          11          -3           7          13          24
           33          76
            8         794           2          14         -17          23
          -29          49          96         -98
            4          97          50          67         -85         -98
            4          87         -35         -55         -58         -74
            4         570         -22         -52         -61         -81
            8         381          40          51         -52         -62
          -65          68         -76         -78
            6         394           1         -35          50          72
          -95         -99
            6         693           5          33         -43         -51
          -56         -88
            3         505         -26         -79         -81
            2         864         -18          31
            4           9         -34          38         -90         -93
            4         987           7          30          35          94
            2         450         -42         -82
            4         276          -2         -17          22          88
            3         596          12          54          88
            7         374           6         -12          34          35
          -47         -77         -89
            6         564           2         -17          31          34
           36          68
            7         716          20          40          43          44
          -76          78         -98
            3         984          -8          30        -100
            4         997          17          28         -74          94
            4         654          -1         -33          36         -85
            9         413           6          25          27          29
           64         -73          76          96          97
            3         505          23          28         -70
            3         704          -1         -14         -24
            3         987          52         -61         -73
            3         332         -25          84          95
            5         648         -34          43          53         -83
           89
            7         101         -10          12          17         -23
           79          98          99
            6         281          20         -22         -55         -75
           86         -91
            5         106           2           4         -19          21
           57
            3          91         -27         -49         -59
            3         703         -22         -45         -60
            4         111          -4         -17          39          78
            6         776           5         -36         -38         -61
           63         -64
            6         742          -2          -6          42          80
          -81         -95
            4         525         -23          54          81          90
            3         430          19          75         -78
            4         929          65          76          87          90
            5         284          44         -58          62         -73
          -78
            7         731           4           6          27         -34
          -43         -60         -65
            5         599          12          27          83          84
         -100
            6         299         -18          29          30         -45
          -48          75
            6          33           7          10          32         -47
          -56         -93
            4         545           7         -28          40         -41
            9         753         -11         -32          34          35
          -37          39          40         -42         -47
            4         437           6         -27          93         -99
            6         226          13         -36         -45          57
           68         -86
            5         613         -20         -70          78          79
           98
            4         669         -13          31         -49          84
            5         849           6          23         -63          68
           85
            5         600           2         -17         -33         -41
           69
            5          92          17         -21         -60          66
           88
            6         608           7          21         -32          43
          -82         -89
            3         215           9         -55         -60
            8         449           6           8          13          24
          -38         -41          51          77
            5         559          -9          17          26          90
           97
            7         413         -13         -44         -53          64
           65          72         -82
            7         544          -4         -36          55         -60
           71         -88          93
            4         862          13         -30          71          75
            5         162          11         -44         -57          76
          -88
            4         174           7          -9         -59          78
            5         974          56          66          80         -86
           89
            4         565          -7         -45          65          94
            6         440          27          28         -33         -47
           55         -57
            2         686          11          39
            4         610         -15          19         -51          62
            9         443         -11          34         -49         -54
          -58          71          76         -89          93
            3         705         -12          36         -43
            6         294           9         -12          19          54
          -64         -75
            3         640          53          55          73
            4         398          -8          14          39         -70
            3         116          28          78          81
            3         572         -64          67         -77
            3         433          51          52          83
            7         124         -10          50          56          71
           86          93         -98
            4         548          -9          12         -33         -50
            5         939         -23          42          47          56
          -68
            8         785         -19          30          32         -53
          -55          64         -70         -74
            4         601         -22          73          78         -93
            4         886           3          31          58         -93
            4         739          -3          10         -16          47
            4         471           4          -8         -70         -80
            5         911          -5          36          39         -46
           52
            3         252          55          69          70
           10         380          -9          18         -21         -45
          -49          77          78         -85         -90         -96
            7         210          -5          32          34          51
          -64          71         -72
            6         944          17         -27          43         -54
          -86         -92
            4         661         -26          71          78         -79
           11          39          -3          -7         -11          21
          -40         -60          65         -72         -87         -91
          -96
            4         922         -21          23          63         -89
            4          64           7          74          81         -92
            8         637           3          -8          15          16
           51         -64         -91         -94
            6         540           5           6          22          26
          -32         -56
            8         245           1           3         -17         -34
           60         -70          90          92
            3         733          -3          85          98
            4         693          14         -33         -74         -97
            7         258           9         -22         -32         -43
           86          87         -93
            3         834           2          45          83
            6         634         -11         -18          45         -66
           74          96
            5         636           2         -15         -38         -57
           70
            2         477           1         -12
            8         511          13         -14         -25         -40
          -43         -64         -76         100
            8         711          -2          -7          13          14
           42          74         -79          86
            5         359          22         -51          54         -63
          -66
            5         593         -11          16          45         -60
           64
            4         710         -20          29         -30         -33
            3         799         -35          45          98
            4         803           6         -14         -21         -60
            7         775          32          44          68         -69
           86          87          98
            8         577          14          32         -38         -82
           86         -94          97         -98
            5         293          17         -39         -43         -55
          -98
            2         744           9          33
            3         614          16          79         -92
            3         467          44         -75         -84
            4          12          26         -88         -90          96
            7         374           2         -13          52          53
          -62         -85         -91
            7         147          22          46          63          73
           74         -77         -87
            5         853          16         -55          58         -64
           67
            4         768          13          22         -60          76
            4         281          66         -73          82         -89
            4          60           8         -16         -33          51
            8         614          -5          42         -46         -68
           71          77         -84         -87
            8         116         -20          23         -35          48
          -53         -69          72         -75
            7         252           7          19         -41         -50
           61         -62         -80
            3         298         -27          29          68
            3         651          17          72          99
            3         168          -7         -36         -62
            2         295         -55          70
            3         942          29         -35         -77
            7         802          22         -26         -45         -54
           74         -88        -100
            6           1         -22          30         -68         -82
           88          95
            3         290         -16          29          54
            3         170          -4         -14          21
            5         226          29          39         -67          83
           98
            4         658          46         -47         -69          93
            4          59          -8         -59         -70         -75
            3         236          49         -62         -77
           10         774           2           7          23          25
          -33         -51          54         -64          79          97
            6         477           4           9          24         -61
          -73         -79
            5         838          22         -42          56         -58
          -78
            3          83          64         -65          77
            8         164          -3          30          46          48
          -70          73          75         -96
            6         407           4          53         -58          86
           97         -99
            4         830         -31         -70          74         -91
            5         113         -16         -28          48         -58
          -96
            4         255          11         -47         -56          62
            6         189          -8         -15          19         -32
           56          58
            5         572           1         -16          66          79
          -99
            4         408         -41         -70         -81         -98
            5         318          12         -17          20         -59
          -91
            5           1          -2         -28         -39          50
          -92
            8         125         -38          43         -56          74
          -84          88          91         -93
            4         775          21          77          82          89
            4         439          14          21          22          83
            6         650         -16          19         -32         -49
          -86          96
            5          23         -11          65          73          76
           83
            6         868          -6          28          47         -53
          -70         -72
            5         370          56         -73         -78          81
           95
            7         703          -6          21         -46          64
           67          73         -89
            4         824           6          17         -51         -80
            4         982          22         -36          71         -73
            5          85          10          19          59          80
           81
            4         957          20          61          76          88
            3          43          -9          75         -78
            2          98          -4          -8
            3         653          12          43         -60
            4         232          16         -39         -43         -55
            8         686         -34          36         -37          47
          -51         -54          58         -94
            7         218          -7         -18          57          81
           84          87         -90
            3         368          15         -20          96
            7         588         -24          29          33         -45
           47          51          97
            6         579           5         -30          52          56
           68         -85
            4         716           8         -17         -69         -88
            3          39          -1         -49          98
            3         560          33          94          98
            7         234         -13          24          30          33
           35         -49         -65
            5         322          -3         -27         -32         -45
           98
            7         535           9          14         -17         -30
          -72         -77         -84
            3         388          -3         -24         -47
            3         373          36          98        -100
            3         415          55          79         -89
            5         193          29          30         -45          83
           91
            3         109          -6          27          43
            5         267           4           6          -9          17
           97
            4         251           4         -41          88        -100
            2         842         -63          98
            5         462         -30         -34         -38          65
          -89
            5         955           2         -67         -77          88
           89
            8         252          19         -24         -41          48
           53         -58          68         -89
            8         224           5          -7         -12          16
           22          33          42          85
            7         288          -7          11          23         -26
           32         -38          58
            3         421          59          76         -94
            4          63         -44         -64         -67         -83
            4         469         -31         -61         -70         -90
           10         325          -4          -8          49          60
          -61         -71         -74          77         -85         -87
            4         630          10         -44          59          81
            6         672          14          42         -52         -60
          -65         -97
            3         894         -35         -88         -90
            3         506          -2         -27          40
            4         672           3         -43          47         -99
            3         406          16          39          44
            2         402         -51         -91
            4         625         -11         -26          31          97
            3         318          21          63          97
            7         170          15         -21          43          44
          -56         -86         -98
            7         401          -7          11         -26          40
           43          45          77
            7         297          -9          29          49          52
           53         -85          87
            3         668           3         -17          39
            3         574          26          37         -83
            4         109         -10         -42          45         -94
            3         709           5           6          58
            7         713          15          34          36          38
           73         -82          85
            3         559          32          37         -79
            3         618         -10         -23         -33
            4         931           4          61         -70         -82
            2         645         -34          93
            7         908           7           8         -43          52
           62         -92          98
            5         298         -19          21          26         -32
           88
            6         643          29         -31         -64         -84
           95        -100
            5         897          11          13         -28          30
           66
            3         334         -36         -58         -68
            3         511         -31         -54         -69
            4         519         -13         -26          48          87
            7         920          -4          14         -45         -47
          -70          72         -73
            5         903         -11         -15          51          89
          -90
            4         229         -32          63          90          99
            3         956          28          84         -87
            4         356          74          85          96          99
            5         431          53         -67          71         -82
          -87
            8         303          -9          13          15          36
          -43         -52         -69         -74
            4         383          21          36          92          93
            7         166          -2         -27          38          39
          -54         -57          84
            5         409          16          19          41         -56
          -65
            4         706          16         -37          49         -50
           11         353           2          -8         -20         -41
           43          44         -46          48          49         -51
          -56
            2         959          15         -36
            7         989           7          22         -45         -54
           66          77         -95
            4         901         -29         -79          87          88
            4         807         -22          40         -58          93
            5         244          15          32         -72          77
           94
            5         715          11         -26         -42         -50
           78
            5         442          26         -30         -69          75
           97
            6         972          16          30         -41          52
          -91         -98
            3         644          18         -64         -69
            9         466           6          15          17          22
           33         -47         -50          60          86
            4         322         -18          26          35          99
            8         849           2         -22         -53         -62
           73          74          81         -91
            6         626         -13         -45          64         -69
           80         -97
            4         742          22         -39          80          84
            5         835          20         -53         -66          85
          -97
            4         612          16         -18         -68          87
            6         452           3          65          75          89
          -95          98
            3         644         -16         -54          74
            6         111          36          37         -42         -56
           64         -66
            2         748          20          48
            5         329           2         -24          28         -60
           71
            8         852         -20          43         -58         -63
          -67          80          85         -98
            3         302         -21          45         -52
            6         946          18         -21          28          63
          -73         -84
            3         675          62          64          82
            4         765         -17          23          48         -79
            3         568          37          87          90
            3         411         -73          76         -86
            5          83           2          -7          60          61
           92
            5         404         -19          59          65          80
           95
            4         180         -18          21         -42         -59
            5         851         -32          51          56          65
          -77
            9          74          -2         -28          39          41
          -62         -64          73         -79         -83
            4         902          -2         -31          82          87
            3         403          12          40          67
            4         976         -12          19         -25          56
            4         884          13         -17         -79         -89
            5         346         -14          45          48         -55
           61
            4         781          -5          64          78          79
            9         337         -18          27         -30         -54
          -58          86          87         -94         -99
            8         337          -1         -14          41          43
           60         -73          80         -81
            5         876          26         -36          52         -63
          -95
            5         361          -5         -35          80          87
          -88
           10          10         -12         -16         -20          30
          -49         -69          74         -81         -96        -100
            5         712          -1         -30          32          72
          -98
            4         680          -3          16          83          90
            7         962          12         -17          24          25
           60         -73        -100
            7         300           1          14          15          31
           35         -41         -65
            8         564           7          10          12         -26
          -43          69         -79          99
            3         658          -6         -12          94
            4         741          -2          23         -42         -83
            6         103          18         -31         -41         -52
           95          96
            4         675           5          11          54          92
            5         848         -20         -27          54         -75
           83
            5         882          11         -24         -47         -66
           79
            3         497           9          10         -21
            7          95          22         -23         -34         -49
          -52         -73         -85
            8         464         -11         -16          22          23
           51          83         -88          95
            5         842          31         -60          63         -72
          -75
            5         952         -20          25          54         -69
           73
            5         606           7         -29          38         -39
          -42
            2         398         -44          54
            5         142           7          15         -23         -30
          -69
            9         549          -3           6          -7          41
           53          77         -78          95          96
            6         599          -7          23          41         -47
          -91          95
            4         856          26         -48         -52         -64
            3         851          -1          18          42
            2         228          25          88
            4         169           5          53         -84         -93
            3         958          35         -97         -99
            7         913          11         -22          61          62
          -71         -94        -100
            7         287          31          55          72          82
           83         -86         -96
            5         458          25         -64          67         -73
           76
            4         716          22          31         -69          85
            4         526          75         -82          91         -98
            4         970          17         -25         -42          60
            8         855         -14          51         -55         -77
           80          86         -93         -96
            8         180         -29          32         -44          57
          -62         -78          81         -84
            7         414          16          28         -50         -59
           70         -71         -89
            4          59           8         -36          38          77
            2         283          26          81
            3         701         -16         -45         -71
            2          38         -64          79
            4          63          -9          38         -44         -86
            7         865           4          31         -35         -54
          -63          83         -97
            5         602         -31          39         -77         -91
           97
            3         223         -25          38          63
            4         577           7         -13         -23          30
            5         220           2          38          48         -76
           92
            3         640          55         -56         -78
            4         600         -17         -68         -79         -84
            4         659           6          58         -71         -86
            9         993          11          16          32          34
          -42         -60          63         -73          88
            6         307          13          18          33         -70
          -82         -88
            5         895          31         -51          65         -67
          -87
            3         556          73         -74          86
            9         782           6          -8         -12          39
           55          57         -79          82          84
            4         976          13          62         -67          95
            5          63          -5         -40         -79          83
         -100
            4         587         -25         -37          57         -67
            4         963          20         -56         -65          71
            7         814          -8         -17         -24          28
          -41          65          67
            5          52          -7          10         -25          75
           88
            3         997         -50         -79         -90
            6         625          -1          21         -26          29
          -68        -100
            5         466          -2         -11         -37         -48
           59
            7         930         -47          52         -65          83
          -93          97         100
            4          86          30          86          91          98
            5         727           5          23          30          31
           92
            5         961         -25          28         -41         -58
          -95
            5         717         -20          74          82          85
           92
            7         335           4         -15          37          56
          -62         -79         -81
            4         253          65         -82         -87          90
            7         899         -15          30         -55          73
           76          82         -98
            4         430          15          26         -60         -89
            4         493          31         -45          80         -82
            5         972          19          28          68          89
           90
            4         145          29          70          85          97
            3         194         -18          84         -87
            2         706         -13         -17
            3         249          21          52         -69
            5          25          -3          25         -48         -52
          -64
            7         853         -43          45         -46          56
          -60         -63          67
            8         622           5         -16         -27          66
           90          93          96         -99
            3         141           6          24         -29
            6         478         -33          38          42         -54
           56          60
            6         359          14         -39          61          65
           77         -94
            5         194           7          17         -26         -78
          -97
            4         731           3           7         -10         -58
            8         526           7         -22          33          39
           42          44         -58         -74
            4         263         -12         -36         -41         -54
            7         261          18          23         -26         -39
          -81         -86         -93
            5         747           7          -9         -12         -33
          -56
            3         748          64          88         -98
            5         314          38          39         -54          92
          100
            4         157           6         -15          36          52
            5         892          -9          13          15         -18
           26
            4          51           7          13         -50          97
