          100         900
            3         114          26          63          78
            3         335          20         -39         -80
            7         193          15         -28         -38         -49
           92          93         -99
            4         995           2           8          51          89
            5         687         -17         -24          51         -72
           80
            5         200           8         -21         -44         -63
           76
            3          94           6           7         -18
            7         153          19         -20         -31         -46
          -49         -70         -82
            8         709          -8         -13          19          20
           48          80         -85          92
            5          17          28         -57          60         -69
          -72
            5         945         -17          22          51         -66
           70
            5         940           4         -26          35         -36
          -39
            2         475         -41          51
            5         505           4          12         -20         -27
          -66
            8         695           3          -4          38          50
           74         -75          92          93
            7         582          -4          20          38         -44
          -88          92        -100
            4           5          23         -45         -49         -61
            2         518          15          39
            3         610          22          85         -98
            4         471           2          50         -81         -90
            3         631          32         -94         -96
            7         320           8         -19          58          59
          -68         -91         -97
            7         283          28          52          69          79
           80         -83         -93
            5         785          22         -61          64         -70
           73
            4         907          19          28         -66          82
            4         297          72         -79          88         -95
            4         613          14         -22         -39          57
            8         774         -11          48         -52         -74
           77          83         -90         -93
            8         243         -26          29         -41          54
          -59         -75          78         -81
            7         162          13          25         -47         -56
           67         -68         -86
            4         535           5         -33          35          74
            2         233          23          78
            3         571         -13         -42         -68
            2         467         -61          76
            4         845          -6          35         -41         -83
            7         570           1          28         -32         -51
          -60          80         -94
            5          46         -28          36         -74         -88
           94
            3         588         -22          35          60
            4          86           4         -10         -20          27
            4         807          35          45         -73          89
            4         747          52         -53         -75          99
            4         560         -14         -65         -76         -81
            4          31           3          55         -68         -83
            9         829           8          13          29          31
          -39         -57          60         -70          85
            6         667          10          15          30         -67
          -79         -85
            5         262          28         -48          62         -64
          -84
            3           6          70         -71          83
            9         810           3          -5          -9          36
           52          54         -76          79          81
            4         964          10          59         -64          92
            5         516          -2         -37         -76          80
          -97
            4         357         -22         -34          54         -64
            4          55          17         -53         -62          68
            7         335          -5         -14         -21          25
          -38          62          64
            5         122          -4           7         -22          72
           85
            3         904         -47         -76         -87
            5         111          18         -23          26         -65
          -97
            5         180          -8         -34         -45          56
          -98
            8          96         -44          49         -62          80
          -90          94          97         -99
            4          97          27          83          88          95
            5         430           2          20          27          28
           89
            5         240         -22          25         -38         -55
          -92
            5         687         -17          71          79          82
           89
            7         347           1         -12          34          53
          -59         -76         -78
            4         214          62         -79         -84          87
            7         357         -12          27         -52          70
           73          79         -95
            4         199          12          23         -57         -86
            4         284          28         -42          77         -79
            5         973          16          25          65          86
           87
            4         296          26          67          82          94
            3         325         -15          81         -84
            2         417         -10         -14
            3         765          18          49         -66
            4         364          22         -45         -49         -61
            8         624         -40          42         -43          53
          -57         -60          64        -100
            8         327           2         -13         -24          63
           87          90          93         -96
            3         838           3          21         -26
            6         529         -30          35          39         -51
           53          57
            6         726          11         -36          58          62
           74         -91
            5         613           4          14         -23         -75
          -94
            3         998           4          -7         -55
            2         499          39         100
            8         777           4         -19          30          36
           39          41         -55         -71
            4         296          -9         -33         -38         -51
            7         620          15          20         -23         -36
          -78         -83         -90
            5         594           4          -6          -9         -30
          -53
            3         353          61          85         -95
            5         356          35          36         -51          89
           97
            4         965           3         -12          33          49
            5         627          -6          10          12         -15
           23
            4         387           4          10         -47          94
            5         851         -36         -40         -44          71
          -95
            5         201           8         -73         -83          94
           95
            8         468          25         -30         -47          54
           59         -64          74         -95
            8         413          11         -13         -18          22
           28          39          48          91
            7         259         -13          17          29         -32
           38         -44          64
            3         868          65          82        -100
            4         221         -50         -70         -73         -89
            4         715         -37         -67         -76         -96
           10         933         -10         -14          55          66
          -67         -77         -80          83         -91         -93
            5         962          -3          16         -50          65
           87
            5         611          20          48         -58         -66
          -71
            3         158         -41         -94         -96
            4         628          -5          -8         -33          46
            3         659           9         -49          53
            3         548          22          45          50
            3         371           3         -57         -97
            4         349           3         -17         -32          37
            2         547          27          69
            2         992          -4          21
            6         131          21         -27          49          50
          -62         -92
            7         361         -13          17         -32          46
           49          51          83
            7         765         -15          35          55          58
           59         -91          93
            3         194           9         -23          45
            3          11          32          43         -89
            4         934         -16         -48          51        -100
            3         538          11          12          64
            7         391          21          40          42          44
           79         -88          91
            3         122          38          43         -85
            3         406         -16         -29         -39
            4         492          10          67         -76         -88
            3         482           4         -40          99
            6          75          13          14         -49          58
           68         -98
            7         896           1          -6         -25          27
           32         -38          94
            4         596          35         -37         -70         -90
            5         626          17          19         -34          36
           72
            3        1000         -42         -64         -74
            3         209         -37         -60         -75
            4         158         -19         -32          54          93
            7          77         -10          20         -51         -53
          -76          78         -79
            6         993           5         -17         -21          57
           95         -96
            3         366         -38          69          96
            5         498           2           5          34          90
          -93
            2         617          80          91
            5         160          59         -73          77         -88
          -93
            8         356         -15          19          21          42
          -49         -58         -75         -80
            4         229          27          42          98          99
            7         579          -8         -33          44          45
          -60         -63          90
            5          59          22          25          47         -62
          -71
            4         976          22         -43          55         -56
           11         274           8         -14         -26         -47
           49          50         -52          54          55         -57
          -62
            2         915          21         -42
            2         339          -1        -100
            6          14          13          28         -51         -60
           72          83
            4          70         -35         -85          93          94
            4         360         -28          46         -64          99
            5         417          21          38         -78          83
          100
            6         481           3          17         -32         -48
          -56          84
            4         209          32         -36         -75          81
            5         382          22          36         -47          58
          -97
            3         417          24         -70         -75
           10         707           5          12          21          23
           28          39         -53         -56          66          92
            3         650         -24          32          41
            9         444          -3           8         -28         -59
          -68          79          80          87         -97
            5         644         -19         -51          70         -75
           86
            5         732          -3          28         -45          86
           90
            4         302          26         -59         -72          91
            6         410          -1           4          22         -24
          -74          93
            4         162           9          71          81          95
            3         809         -22         -60          80
            6         512          42          43         -48         -62
           70         -72
            2         523          26          54
            6          64          -4           8         -30          34
          -66          77
            7         216         -26          49         -64         -69
          -73          86          91
            3         794         -27          51         -58
            6         328          24         -27          34          69
          -79         -90
            3         747          68          70          88
            4         729         -23          29          54         -85
            3         821          43          93          96
            3         379         -79          82         -92
            6         930           1           8         -13          66
           67          98
            4          35         -25          65          71          86
            4         946         -24          27         -48         -65
            5         973         -38          57          62          71
          -83
            9         772          -8         -34          45          47
          -68         -70          79         -85         -89
            4         234          -8         -37          88          93
            3         904          18          46          73
            4         742         -18          25         -31          62
            4         665          19         -23         -85         -95
            5         139         -20          51          54         -61
           67
            5         423          -5         -11          70          84
           85
            8         869         -24          33         -36         -60
          -64          92          93        -100
            9         498          -1          -7         -20          47
           49          66         -79          86         -87
            4         848          32         -42          58         -69
            7          20          -2          -6         -11         -41
           86          93         -94
            9          87          -4         -18         -22         -26
           36         -55         -75          80         -87
            4         279          -7         -36          38          78
            5         619          -6          -9          22          89
           96
            6         818          18         -23          30          31
           66         -79
            8         161           5           7          20          21
           37          41         -47         -71
            7          17          13          16          18         -32
          -49          75         -85
            3         300         -12         -18         100
            6         593           1           2          -8          29
          -48         -89
            4         910          24         -37         -47         -58
            4         418          11          17          60          98
            5         510         -26         -33          60         -81
           89
            5         607          17         -30         -53         -72
           85
            3         163          15          16         -27
            8          82           1          28         -29         -40
          -55         -58         -79         -91
            7         626         -17         -22          28          29
           57          89         -94
            5         120          37         -66          69         -78
          -81
            5         536         -26          31          60         -75
           79
            5         498          13         -35          44         -45
          -48
            2         273         -50          60
            7         979           1           2          13          21
          -29         -36         -75
            8         662           1          -9          12         -13
           47          59          83         -84
            5         665         -13          29          47         -53
          -97
            4         488          32         -54         -58         -70
            3         875          -7          24          48
            2         265          31          94
            6         105          -3          -5          11          59
          -90         -99
            2          70          -6          41
            7         621          -2          17         -28          67
           68         -77        -100
            6         879          37          61          78          88
           89         -92
            5         604          31         -70          73         -79
           82
            5          79          -4          28          37         -75
           91
            3         147          81         -88          97
            5         290          -2          23         -31         -48
           66
            7         285         -20          57         -61         -83
           86          92         -99
            8          35         -35          38         -50          63
          -68         -84          87         -90
            7         969          22          34         -56         -65
           76         -77         -95
            4         288          14         -42          44          83
            2         125          32          87
            3         602         -22         -51         -77
            2         411         -70          85
            5         740          -3         -15          44         -50
          -92
            7         142           3          10          37         -41
          -60         -69          89
            4          16         -37          45         -83         -97
            3         945         -31          44          69
            4         982          13         -19         -29          36
            5          69           8          44          54         -82
           98
            3         187          61         -62         -84
            4         934         -23         -74         -85         -90
            4         587          12          64         -77         -92
            9         789          17          22          38          40
          -48         -66          69         -79          94
            6         259          19          24          39         -76
          -88         -94
            5         865          37         -57          71         -73
          -93
            3         851          79         -80          92
           10         772           1          12         -14         -18
           45          61          63         -85          88          90
            4          68          -6          19          68         -73
            4         569         -11         -46         -85          89
            4         994         -31         -43          63         -73
            4         342          26         -62         -71          77
            7          49         -14         -23         -30          34
          -47          71          73
            5         285         -13          16         -31          81
           94
            4          42          -6         -56         -85         -96
            5         331          -7          27         -32          35
          -74
            7         496           3           6          -8         -17
          -43         -54          65
            6         364           4         -53          58         -71
           89         -99
            3         464          36          92          97
            6         216          -1          11          29          36
           37          98
            4         663         -31          34         -47         -64
            5         331         -26          80          88          91
           98
            7         818          10         -21          43          62
          -68         -85         -87
            4         175          71         -88         -93          96
            2         268          -4         -63
            6         822         -21          36         -61          79
           82          88
            4         126          21          32         -66         -95
            4         417          37         -51          86         -88
            6         913           3          25          34          74
           95          96
            3         204          35          76          91
            3         274         -24          90         -93
            2         976         -19         -23
            3         272          27          58         -75
            5         237          -9          31         -54         -58
          -70
            9          75           2          -5         -49          51
          -52          62         -66         -69          73
            6          26          11         -22         -33          72
           96          99
            3         302          12          30         -35
            6         850         -39          44          48         -60
           62          66
            7         497          -3          20         -45          67
           71          83        -100
            4         664          13          23         -32         -84
            4          63           9          13         -16         -64
            8         115          13         -28          39          45
           48          50         -64         -80
            4         858         -18         -42         -47         -60
            7         250          24          29         -32         -45
          -87         -92         -99
            5         317          13         -15         -18         -39
          -62
            2         745          -4          51
            3         549           6          70          94
            4         389          44          45         -60          98
            4         574          12         -21          42          58
            6         372           3         -15          19          21
          -24          32
            3         412          13          19         -56
            2         393          -4         -78
            6         628           3           4         -45         -49
          -53          80
            4         649          -4          17         -82         -92
            7         891          34         -39         -56          63
           68         -73          83
            8         865          20         -22         -27          31
           37          48          57         100
            8         970          -9         -22          26          38
          -41          47         -53          73
            2         195          74          91
            5         331          -5         -59         -79         -82
          -98
            4         877          -2         -46         -76         -85
            9         602         -19         -23          64          75
          -76         -86         -89          92        -100
            5         577         -12          25         -59          74
           96
            7         979          -3          -5          29          57
          -67         -75         -80
            4         795         -14         -17         -42          55
            3          16          18         -58          62
            4         194          -6          31          54          59
            2          94          12         -66
            4         344          12         -26         -41          46
            2         669          36          78
            3         645          -1         -13          30
            5         256          30         -36          58          59
          -71
            8         665           2         -22          26         -41
           55          58          60          92
            6         243         -24          44          64          67
           68        -100
            3         709          18         -32          54
            4          36          -9          41          52         -98
            3          91         -25         -57          60
            3         312          20          21          73
            7         347          30          49          51          53
           88         -97         100
            3         999          47          52         -94
            3          90         -25         -38         -48
            5         858           8          19          76         -85
          -97
            3         811          -7          13         -49
            6         618           3          22          23         -58
           67          77
            6         595          10         -15         -34          36
           41         -47
            4         255          44         -46         -79         -99
            5         845          26          28         -43          45
           81
            3         364         -51         -73         -83
            4         844           2         -46         -69         -84
            3         283         -28         -41          63
            9         799           4          -5         -19          29
          -60         -62         -85          87         -88
            5         556           5          14         -26         -30
           66
            3         219          -2         -47          78
            4         824          11          14          43          99
            3         298          -2          89         100
            4         834          68         -82          86         -97
           10         561           7           8         -24          28
           30          51         -58         -67         -84         -89
            2         805          36          51
            7         752         -17         -42          53          54
          -69         -72          99
            5          87          31          34          56         -71
          -80
            4         335          31         -52          64         -65
           11         804          17         -23         -35         -56
           58          59         -61          63          64         -66
          -71
            3         465          -9          30         -51
            8         147           2           3          22          37
          -60         -69          81          92
            3         252           8         -44         -94
            4         457           9         -37          55         -73
            4         817          30          47         -87          92
            6         403          12          26         -41         -57
          -65          93
            4         145          41         -45         -84          90
            2         712          -6         -13
            4         270          31          45         -56          67
            4         393           1          33         -79         -84
            9         645          14          21          30          32
           37          48         -62         -65          75
            4         335          -6         -33          41          50
            8         987         -12          17         -37         -68
          -77          88          89          96
            5          33         -28         -60          79         -84
           95
            5         207         -12          37         -54          95
           99
            5         743           2          35         -68         -81
          100
            6         983           4         -10          13          31
          -33         -83
            3         546          18          80          90
            3         688         -31         -69          89
            6         753          51          52         -57         -71
           79         -81
            2         646          35          63
            6         287         -13          17         -39          43
          -75          86
            7         326         -35          58         -73         -78
          -82          95         100
            3         708         -36          60         -67
            6         501          33         -36          43          78
          -88         -99
            3         239          77          79          97
            6          85           2           5         -32          38
           63         -94
            2         288          -1          52
            3         606           7         -88          91
            5         281          10          17         -22          75
           76
            4         669         -34          74          80          95
            4         903         -33          36         -57         -74
            5         943         -47          66          71          80
          -92
           10         429           2         -17         -43          54
           56         -77         -79          88         -94         -98
            3         802         -17         -46          97
            3         864          27          55          82
            5         373          -4         -27          34         -40
           71
            3         197          28         -32         -94
            5         194         -29          60          63         -70
           76
            8          84           1           2          -9         -14
          -20          79          93          94
            5         388         -33          42         -45         -69
          -73
            9         177         -10         -16         -29          56
           58          75         -88          95         -96
            6         622           2          -3          41         -51
           67         -78
            5         367         -11         -15         -20         -50
           95
            9         194         -13         -27         -31         -35
           45         -64         -84          89         -96
            5         810           5         -16         -45          47
           87
            4         819         -15         -18          31          98
            6         284          27         -32          39          40
           75         -88
            8         477          14          16          29          30
           46          50         -56         -80
            8         911           9          22          25          27
          -41         -58          84         -94
            2          67         -21         -27
            6         451          10          11         -17          38
          -57         -98
            5         696           7          33         -46         -56
          -67
            3         482          20          26          69
            5         564         -35         -42          69         -90
           98
            5          87          26         -39         -62         -81
           94
            3         639          24          25         -36
            9          49          -3          10          37         -38
          -49         -64         -67         -88        -100
            6         223         -26         -31          37          38
           66          98
            5         626          46         -75          78         -87
          -90
            5         117         -35          40          69         -84
           88
            5         370          22         -44          53         -54
          -57
            2         263         -59          69
            7         129          10          11          22          30
          -38         -45         -84
            9         693          -6          10         -18          21
          -22          56          68          92         -93
            4         504         -22          38          56         -62
            4         677          41         -63         -67         -79
            4         871           3         -16          33          57
            2         207          -8          40
            5         133         -12         -14          20          68
          -99
            3         197          -9         -15          50
            7          59          -1         -11          26         -37
           76          77         -86
            5          68          46          70          87          97
           98
            5          87          40         -79          82         -88
           91
            6         290           6         -13          37          46
          -84         100
            2         501          90         -97
            7         988           1          -8         -11          32
          -40         -57          75
            5         128         -29          66         -70         -92
           95
            9         924          -4         -44          47         -59
           72         -77         -93          96         -99
            6         841          31          43         -65         -74
           85         -86
            4         371          23         -51          53          92
            2         740          41          96
            3         465         -31         -60         -86
            3         211          -1         -79          94
            4         329         -12         -24          53         -59
            8         486          -6          12          19          46
          -50         -69         -78          98
            3         119         -46          54         -92
            3         932         -40          53          78
            5         267           7          22         -28         -38
           45
            4         752          17          53          63         -91
            3         644          70         -71         -93
            4         170         -32         -83         -94         -99
            2         412          -1         -77
            4         633           3          21          73         -86
            9         265          -3          26          31          47
           49         -57         -75          78         -88
            5         731          28          33          48         -85
          -97
            2          11          -2          88
            5         794           1          46         -66          80
          -82
            2          97          88         -89
           10          87          10          21         -23         -27
           54          70          72         -94          97          99
            4         570         -15          28          77         -82
            4         381         -20         -55         -94          98
            4         394         -40         -52          72         -82
            4         693          35         -71         -80          86
            8         505           3         -23         -32         -39
           43         -56          80          82
            5         864          -5         -22          25         -40
           90
            3           9         -15         -65         -94
            5         987         -16          36         -41          44
          -83
            8         450          -8          12          15         -17
          -26         -52         -63          74
            7         276           1           6          13         -62
           67         -80          98
            2         596           7          45
            5         374         -10          20          38          45
           46
            5         564           7         -40          43         -56
          -73
            4         716         -35          89          97         100
            9         984          -2           5          19         -30
           52          71         -77         -94         -96
            2         997          80         -97
            2         654         -13         -72
            7         413          -4         -30          45         -70
           88          91          97
            3         505          30          41         -75
            6         704           4           5          46         -60
           95         -97
            4         987          12          34          43          83
            4         332          -2          44          85         100
            2         648         -33          99
            2         101         -28         -32
            3         281          36          67         -84
            5         106         -18          40         -63         -67
          -79
           11          91           5           8          11         -14
          -58          60         -61          71         -75         -78
           82
            4         703          20         -31         -42          81
            3         111          21          39         -44
            7         776          -9         -48          53          57
          -69          71          75
            6         742         -12          29         -54          76
           80          92
            4         525          22          32         -41         -93
            4         430          18          22         -25         -73
            8         929          22         -37          48          54
           57          59         -73         -89
            6         284          -1          -8         -27         -51
          -56         -69
            5         731          33          38         -41         -54
          -96
            5         599          22         -24         -27         -48
          -71
            3         299           3         -13          60
            3          33           7          15          79
            3         545          53          54         -69
            4         753          21         -30          51          67
            6         437          12         -24          28          30
          -33          41
            3         226          22          28         -65
            2         613         -13         -87
            7         669          -1          12          13         -54
          -58         -62          89
            3         849         -13          26         -91
            8         600           9          43         -48         -65
           72          77         -82          92
            7          92          29         -31         -36          40
           46          57          66
            8         608         -18         -31          35          47
          -50          56         -62          82
            3         215          -7          83         100
            4         449         -14         -68         -88         -91
            6         559           1          -9         -11         -55
          -85         -94
            8         413           5         -28         -32          73
           84         -85         -95         -98
            4         544         -21          34         -68          83
            7         862         -12         -14          38          66
          -76         -84         -89
            4         162         -23         -26         -51          64
            3         174          27         -67          71
            4         974         -15          40          63          68
            2         565          21         -75
            4         440          21         -35         -50          55
            2         686          45          87
            3         610         -10         -22          39
            6         443           1          39         -45          67
           68         -80
            8         705          -9          11         -31          35
          -50          64          67          69
            5         294         -33          53          73          76
           77
            4         640          -7          27         -41          63
            3         398         -18          50          61
            3         116         -34         -66          69
            5         572          -6           9          29          30
           82
            6         433          -3          39          58          60
           62          97
            2         124          56          61
            4         548          -6         -34         -47         -57
            4         939          17          28          85         -94
            3         785         -16          22         -58
            6         601          12          31          32         -67
           76          86
            7         886          -8          19         -24         -43
           45          50         -56
            3         739          53         -55         -88
            5         471          35          37         -52          54
           90
            3         911         -60         -82         -92
            4         252          11         -55         -78         -93
            3         380         -37         -50          72
            9         210          13         -14         -28          38
          -69         -71         -94          96         -97
            5         944          14          23         -35         -39
           75
            4         661           8         -11         -56          87
            4          39           9          20          23          52
            3         922          -6         -11          98
            3          64          77         -91          95
           10         637          16          17         -33          37
           39          60         -67         -76         -93         -98
            3         540           8          45          60
            6         245         -26         -51          62          63
          -78         -81
            5         733          40          43          65         -80
          -89
            4         693          40         -61          73         -74
           11         258          26         -32         -44         -65
           67          68         -70          72          73         -75
          -80
            3         834         -18          39         -60
            2         634           1         -19
            8         636          -3          11          12          31
           46         -69         -78          90
            2         477          17         -53
            5         511           1          18         -46          64
          -82
            4         711           2          39          56         -96
            5         359          21          35         -50         -66
          -74
            4         593          50         -54         -93          99
            2         710         -15         -22
            4         799          40          54         -65          76
            4         803          10          42         -88         -93
            9         775          23          30          39          41
           46          57         -71         -74          84
            5         577           5         -15         -42          50
           59
            8         293           4         -21          26         -46
          -77         -86          97          98
            6         744           4           8         -37         -69
           88         -93
            4         614           9         -21          46         -63
            4         467          11          44         -77         -90
            6          12          13         -19          22          40
          -42         -92
            3         374          27          89          99
            3         147         -40         -78          98
            6         853          60          61         -66         -80
           88         -90
            3         768           2          44          72
            8         281           4           9         -22          26
          -48          52         -84          95
            5          60         -44          67         -82         -87
          -91
            4         614          -8         -45          69         -76
            6         116           6          42         -45          52
           87         -97
            3         252          -3          86          88
            5         298          11          14         -41          47
           72
            2         651         -10          61
            3         168          16         -97         100
            6         295           4          19          26         -31
           84          85
            3         942         -43          83          89
            5         802          -1         -42          45         -66
          -83
            6           1          -3          -7         -56          75
           80          89
            9         290           6          11         -26         -52
           63          65         -86         -88          97
            2         170         -26         -55
            3         226          36          64          91
            6         658          -3         -13         -36          43
          -49          80
            2          59          37         -41
            7         236           2           3         -38          69
           72         -79          85
            6         774          10          11         -18         -23
          -29          88
            7         477           4          -5         -42          51
          -54         -78         -82
            7         838         -19         -25         -38          65
           67          84         -97
            7          83           4          11         -12          50
          -60          76         -87
            5         164          -5         -20         -24         -29
          -59
            8         407         -22         -36         -40         -44
           54         -73         -93          98
            6         830           7          14         -25         -54
           56          96
            3         113         -24         -27          40
            6         255          36         -41          48          49
           84         -97
            9         189          -3          23          25          38
           39          55          59         -65         -89
            7         572          18          31          34          36
          -50         -67          93
            3         408          -7         -30         -36
            5         318          19          20         -26          47
          -66
            5           1          16          42         -55         -65
          -76
            4         125           7          29          35          78
            5         775           3         -44         -51          78
          -99
            4         439          35         -48         -71         -90
            4         650          -9          33          34         -45
            9          23           7         -12          19          46
          -47         -58         -73         -76         -97
            5         868         -35         -40          46          47
           75
            5         370          55         -84          87         -96
          -99
            5         703         -44          49          78         -93
           97
            5         824          31         -53          62         -63
          -66
            2         982         -68          78
            9          85           1          -2          19          20
           31          39         -47         -54         -93
            7         957         -15          19         -27          30
          -31          65          77
            4          43         -31          47          65         -71
            4          98          50         -72         -76         -88
            4         653          12         -25          42          66
            3         232          -8         -17          49
            4         686         -21         -23          29          77
            3         218         -18         -24          59
            9         368           6           7         -10         -20
           35         -46          85          86         -95
            3         588          55          79          96
            6         579           9          49         -88          91
          -97         100
            6         716          -6          15         -22          46
           55         -93
            9          39          -1           4          10         -17
          -20          41         -49         -66          84
            6         560          -2           5          -8         -38
           75         -79
            6         234         -13         -53          56         -68
           81         -86
            7         322           1          40          52         -74
          -83          94         -95
            4         535           5          32         -60          62
            4         388           3         -40         -69         -95
            2         373         -10         -88
            5         415           7         -21         -33          62
          -68
            8         193          -1         -15          21          28
           55         -59         -78         -87
            2         109         -55          63
            3         267         -49          62          87
            5         251          16          31         -37         -47
           54
            5         842          -2          26          62          72
         -100
            4         462          -3          -8          79         -80
            2         955         -41         -92
            2         252         -10         -86
            4         224          12          30          82         -95
           10         288          -6         -12          35          40
           56          58         -66         -84          87         -97
            4         421          37          42          57         -94
            2          63         -11          97
            5         469          10          55         -75          89
          -91
            2         325          97         -98
            4         630          -3           6           8         -29
            7         672          19          30         -32         -36
           63          79          81
            6         894          -3           7         -24          37
           86         -91
            2         506         -29         -64
            4         672         -49         -61          81         -91
            4         406          44         -80         -89          95
            8         402          12         -32         -41         -48
           52         -65          89          91
            6         625          -3         -14         -31          34
          -49          99
            2         318         -24         -74
            5         170         -25          45         -50          53
          -92
            9         401           7         -17          21          24
          -26         -35         -61         -72          83
            6         297          10          15          22         -71
           76         -89
            2         668          16          54
            5         574         -19          29          47          54
           55
            7         109           6           9          16         -49
           52         -65         -82
            4         709          -3          -5         -44          98
            8         713          -6         -11          14          28
          -39          61          80         -86
            3         559           6         -22         -81
            6         618         -13         -39          54         -79
           97         100
            5         931           4          -6          39          50
          -84
            4         645          13          14          55         -69
            5         908           9          21          43          52
           92
            4         298           8         -11          53          94
            2         643         -37         -41
            3         897          45          76         -93
            5         334         -27          49         -72         -76
          -88
           11         511          14          17          20         -23
          -67          69         -70          80         -84         -87
           91
            4         519          29         -40         -51          90
            3         920          30          48         -53
            8         903           1         -18         -57          62
           66         -78          80          84
            6         229          -2         -21          38         -63
           85          89
            3         956          31          41         -50
            4         356          27          31         -34         -82
            8         431          31         -46          57          63
           66          68         -82         -98
            7         303          -5         -10         -17         -36
          -60         -65         -78
            4         383          42          47         -50         -63
            5         166          31         -33         -36         -57
          -80
            3         409          12         -22          69
            3         706          16          24          88
            3         353          62          63         -78
            4         959          30         -39          60          76
            6         989          21         -33          37          39
          -42          50
            3         901          31          37         -74
            2         807         -22         -96
            7         244         -10          21          22         -63
          -67         -71          98
            4         715           1         -22          35        -100
            7         442          18          52         -57         -74
           81          86         -91
            7         972          38         -40         -45          49
           55          66          75
            9         644           9         -27         -40          44
           56         -59          65         -71          91
            2         466         -16          92
            5         322          -3         -23         -77         -97
         -100
            7         849          -4          -7          10         -18
          -20         -64         -94
            6         626          14         -37         -41          82
           93         -94
            4         742         -30          43         -77          92
            7         835         -21         -23          47          75
          -85         -93         -98
            4         612         -32         -35         -60          73
            3         452          36         -76          80
            4         644         -24          49          72          77
            2         111          30         -84
            4         748          30         -44         -59          64
            2         329          54          96
            3         852         -19         -31          48
            6         302          10          48         -54          76
           77         -89
            8         946         -18          20         -40          44
          -59          73          76          78
            5         675         -42          62          82          85
           86
            4         765         -16          36         -50          72
            3         568         -27          59          70
            3         411         -43         -75          78
            6          83           6         -15          18          38
           39          91
            5         404         -12          48          67          69
           71
            2         180          65          70
            5         851          -3         -15         -43         -56
          -66
            3          74          26          37          94
            3         902         -25          31         -67
            6         403          21          40          41         -76
           85          95
            7         976         -17          28         -33         -52
           54          59         -65
            3         884          62         -64         -97
            6         346          -1          44          46         -61
           63          99
            3         781          -2         -69         -91
            3         337          20         -64         -87
            3         337         -46         -59          81
            3         876          -3           5          -6
            6         361          22         -23         -37          47
          -78         -80
            5          10          23          32         -44         -48
           84
            4         712          17         -20         -65          96
            5         680           7          18          29          32
           61
            3         962           4         -15         -20
            4         300          -2          -7          86        -100
            8         564          25          26         -42          46
           48          69         -76         -85
            3         658          17          54          69
            6         741         -35         -60          71          72
          -87         -90
            5         103          49          52          74         -89
          -98
            4         675          49         -70          82         -83
           11         848          35         -41         -53         -74
           76          77         -79          81          82         -84
          -89
            3         882         -27          48         -69
            2         497          10         -28
            8          95         -12          20          21          40
           55         -78         -87          99
            2         464          26         -62
            6         842          -5          10          27         -55
           73         -91
            3         952          11          48          65
            7         606          -2           8          30          44
          -59         -75         -83
            2         398          59         -63
            2         142         -24         -31
            5         549          -2          49          63         -74
           85
            3         599          19          51         -97
            9         856          32          39          48          50
           55          66         -80         -83          93
            7         851           6           7          14         -24
          -51          59          68
            7         228          -2          13         -30          35
          -55         -86         -95
            5         169          13          17         -46         -78
           97
            4         958          18         -30          55         -72
            5         913          -1          20          53         -86
          -99
            6         287           8          22         -28          31
           49         -51
            3         458           7          36          98
            2         716         -49         -87
            6         526          69          70         -75         -89
           97         -99
            3         970          11          53          81
            7         855          13          18         -31          35
          -57          61         -93
            5         180         -53          76         -91         -96
         -100
            5         414          -6         -17         -54          78
          -85
            5          59          15          51         -54          61
           96
            3         283         -12          95          97
            5         701          20          23         -50          56
           81
            4          38          -6           9         -19          70
            6          63          13          28          35         -40
           93          94
            3         865         -52          92          98
            5         602         -10         -51          54         -75
          -92
            7         223           6         -12         -16         -65
           84          89          98
            8         577          15          20         -35         -61
           72          74         -95         -97
            2         220         -35         -64
            3         640          45          73         100
            6         600         -12         -22         -45          52
          -58          89
            2         659          46         -50
            7         993          11          12         -47          78
           81         -88          94
            6         307          19          20         -27         -32
          -38          97
            8         895          -6          13         -14         -51
           60         -63         -87         -91
            6         556         -28         -34         -47          74
           76          93
            7         782          13          20         -21          59
          -69          85         -96
            7         976          -2           7         -14         -29
          -33         -38         -68
            7          63           5         -31         -45         -49
          -53          63         -82
            5         587          16          23         -34         -63
           65
            4         963          -6         -33         -36          49
            5         814          45         -50          57          58
           93
           10          52           2         -12          32          34
           47          48          64          68         -74         -98
            6         997          27          40          43          45
          -59         -76
            3         625         -16         -39         -45
            5         466          28          29         -35          56
          -75
            5         930          25          51         -64         -74
          -85
            5          86          -8          16          38          44
           87
            4         727          12         -53         -60          87
            4         961          44         -57         -80         -99
            5         717          -6         -18          42          43
          -54
            8         335          16         -21          28          55
          -56         -67         -82         -85
            7         253          -5          -8         -44         -49
           55          56          84
            5         899          -2           6          64         -93
           96
            3         430         -53          58          87
            5         493          40         -62          71         -72
          -75
            3         972          -2         -77          87
            8         145          10         -11          28          29
           40          48         -56         -63
            7         194         -24          28         -36          39
          -40          74          86
            4         706         -40          56          74         -80
            4         249          59         -81         -85         -97
            4          25          21         -34          51          75
            3         853         -17         -26          58
            4         622         -30         -32          38          86
            4         141          -4         -27         -33          68
            9         478           5          15          16         -19
          -29          44         -55          94          95
            4         359          -6           9          64          88
            5         194          -2          18          58         -97
          100
            6         731           8         -15          24         -31
           55          64
            9         526         -10          13          19         -26
          -29          50         -58         -75          93
            6         263         -11          14         -17         -47
           84         -88
            8         261           3          -4         -22         -62
           65         -77          90         -95
            5         747          10          49          61         -83
          -92
            4         748          14          41         -69          71
            2         314          -4          59
            3         157          12         -49         -78
            2         892         -19         -97
            5          51          16         -30         -42          71
          -77
            8         115         -10         -24          30          37
           64         -68         -87         -96
            2         478         -64          72
            3         742         -58          71          96
            6         781          -9          25          40         -46
          -56          63
            4         269         -11          35          71          81
            5         320          -1         -12         -17          88
          -89
            3         799          -4         -19         -95
            4         565          -6          21          39          91
           10         493          -3         -15         -21          44
           49          65          67         -75         -93          96
            4         241           6          46          51          66
            7         700           6          -7          19          64
          -84          98        -100
            4         457         -12          15          17         -38
            7         912          28          39         -41         -45
           72          88          90
            6         584         -12          16         -33          46
           95        -100
            2         208         -38         -73
            5         309           4         -58         -70          90
         -100
            3         767          53         -89         -98
            9         970           8          21         -41         -50
          -57          61         -74          98         100
            5         574         -12         -23         -40          43
          -58
            3         717          -1         -33         -83
            4         379         -34          54         -59          62
            9          47          16         -26          30          33
          -35         -44         -70         -81          92
            6         802          19          24          31         -80
           85         -98
            2         427          25          63
            5          30         -28          38          56          63
           64
            8         435           7          15          18          25
          -58          61         -74         -91
            3         806         -12         -14         -53
            8         743         -15         -20          23          37
          -48          70          89         -95
            5         693           6           9          15         -31
          -90
            4         460         -22         -48          63         -88
            5         661          13         -15          48          59
          -93
            5         997           1          22          23          64
          -78
            5          84           3          18          30          52
           61
            3         370          17         -20          62
            3         376          -2         -46         -50
            2         576          54          85
            5         174         -36          58         -81         -85
          -97
           11         203          23          26          29         -32
          -76          78         -79          89         -93         -96
          100
            4         674          38         -49         -60          99
            3         721          39          57         -62
            8         804          10         -27         -66          71
           75         -87          89          93
            6         952         -11         -30          47         -72
           94          98
            3         699          40          50         -59
            4         489          36          40         -43         -91
            2         461          -7          75
            7         459          40         -55          66          72
           75          77         -91
            7         377         -14         -19         -26         -45
          -69         -74         -87
            4         795          51          56         -59         -72
            5         627          40         -42         -45         -66
          -89
            3         365          21         -31          78
            3         363          25          33          97
            3         402          71          72         -87
            4         392          39         -48          69          85
            6         831          30         -42          46          48
          -51          59
            4         220          -5          40          46         -83
            2          32           7         -31
            7         751          -9         -19          30          31
          -72         -76         -80
            3         150          10         -31          44
            7         845          27          61         -66         -83
           90          95        -100
            7         979          47         -49         -54          58
           64          75          84
           10         612           1          18         -36         -49
           53          65         -68          74         -80         100
            3         669          -6          -9         -25
            4         172          -3         -12         -32         -86
            8         968           2          -3         -13         -16
           19         -27         -29         -73
            5          96           1          23         -46         -50
           91
            5          31          -2          -7         -39          52
          -86
            5         558         -30         -32          56          84
          -94
            4         320         -41         -44         -69          82
            3          40          45         -85          89
            4         218         -33          58          81          86
            2         823          39         -93
            5         781           5          39         -53         -68
           73
            3         147         -28         -40          57
            6         205          19          57         -63          85
           86         -98
            8         512         -27          29         -49          53
          -68          82          85          87
            5         959         -51          71          91          94
           95
            4         823         -25          45         -59          81
            3         726         -36          68          79
            3         295         -52         -84          87
            6          90          15         -24          27          47
           48         100
            5         946         -21          57          76          78
           80
            2         417          74          79
            6          77           3         -12         -24         -52
          -65         -75
            2         753          35          46
            4         771           4         -34          40         -76
            5         161          30          49          50         -85
           94
            8         639          -6         -26          37         -42
          -61          63          68         -74
            3         173           8          71         -73
            5         977         -10          53          55         -70
           72
            3         160         -11         -78        -100
            3         982          29         -73         -96
            3         712         -55         -68          90
            3         140         -12          14         -15
            6         704          31         -32         -46          56
          -87         -89
            6         279           5          32          41         -53
          -57          93
            3         352          26         -29         -74
            5          79          16          27          38          41
           70
            4         187          -9          13         -24         -29
            3         673         -11         -16          95
            8         737          34          35         -51          55
           57          78         -85         -94
