   50  450
   12   32
  -20   -4
  -44   28
   -3  -43
   14   38
    5   17
  -22  -39
   38  -47
   29  -12
  -23   27
   -4   -7
  -39   20
   32    1
  -22  -28
  -24  -45
   -7  -46
  -50   32
    9   -5
  -20   41
   43    2
   -1   -8
   38  -49
   31  -24
    4  -16
   -4   44
  -16    3
   47   45
   47  -27
   -8  -44
   -9    5
   31   29
  -40  -42
  -50   38
  -24  -22
   43  -19
   27   21
  -14  -18
  -16   25
   21   45
   20    3
  -42    5
  -23  -39
   -2   28
   27  -23
   16  -20
    7   31
  -49   41
  -24   13
   12   21
   27  -10
   17  -40
   30    7
   40  -28
   27   12
  -45  -11
  -42   15
   46  -27
   21  -49
   -9   18
    5   -6
    9    3
  -45   44
   14   24
  -20  -46
  -13  -24
   36   25
   50  -43
  -44   43
   34   -9
  -30  -48
   17   30
   32   48
   32   12
   43   39
   17   18
  -21  -25
   29   20
   48   38
   37  -42
  -29  -48
  -40  -49
    3   25
  -27  -45
  -48   38
   35   31
   48  -41
   14   32
  -30   25
  -38  -29
  -37   23
   25  -26
  -30   17
   11   -6
  -47    3
  -37  -46
   35  -26
   20  -13
  -37   15
  -42   25
  -33   46
  -29   48
   12  -41
  -16   -1
   49    4
  -22  -13
  -21    5
   50  -13
   50  -18
   46   13
  -38  -32
  -29  -18
  -18   21
  -21   -3
  -22   46
   33  -20
   34  -40
   -3  -23
  -28   17
  -42  -24
  -13  -31
  -13  -28
   31   48
   35   45
  -38   28
   19  -17
  -41   22
  -16  -23
   22  -17
  -24   48
  -20  -39
  -38  -11
   30  -31
  -25  -17
  -50   20
  -37    7
  -34   31
   49    1
  -25  -31
  -28   47
   11    4
   36  -27
  -27   -6
    1   13
   17   39
  -30  -17
   37  -12
  -49   14
   23   24
  -15    6
   18  -46
   19   14
   33  -28
  -16   34
  -26   21
  -31   50
   18  -45
  -24   11
  -39  -16
    4  -38
   -2   48
   14   34
   36  -49
  -44   49
   -6  -47
  -32  -19
   46   17
   27    6
  -13  -26
  -48  -22
   48   44
   19  -13
   20  -27
  -50   17
    8   40
   42  -43
  -19   30
  -34  -47
  -34   17
  -44  -16
  -45   41
   -6   45
   12   15
   31   -6
   46  -45
  -45  -44
  -50    8
  -13  -22
  -31  -16
  -19  -45
   14   21
    6  -25
   -2   26
   30  -35
   10  -34
   20    4
   18    8
   19  -28
   23   47
   43   45
    6    4
   47  -29
   27  -43
   33  -43
  -24  -44
   21   25
  -21  -37
   26   -2
    4  -28
   -8   13
   34  -16
  -42   12
    8  -10
  -39  -17
   14  -41
  -16  -22
   47  -41
  -34   25
   44   -3
  -42   35
   19   12
   20   10
   13  -29
   20  -50
  -48  -50
    7  -24
   37  -13
   15  -33
    2   35
    4   21
   10   18
   49  -25
  -35  -22
  -14   20
   21   47
  -47   40
   11  -41
   24  -13
   32    2
   37  -27
   40   30
  -17  -14
   32   11
   18   28
  -30  -23
  -19   45
   19   39
  -22   37
  -23  -20
   16  -40
  -22  -25
   26   -3
    7   10
  -32   43
   35   34
   36   13
  -16   26
   10  -43
   34   28
  -37   11
  -11   34
   -3   -2
    8  -41
  -49  -11
   -6   50
    6    2
   46    5
  -49   12
  -10    2
   -2   21
   16   37
  -32   47
  -25   45
   25   -2
  -31   12
  -18   25
   28   49
  -17   37
  -33   27
   49   15
  -14  -24
   12    9
  -19  -40
   12   40
  -12   24
  -34  -48
  -30   20
   -3   24
    6  -41
   -5   32
   11  -44
   17   -2
    1  -31
    2  -10
  -12  -11
   29   -4
  -36   -5
  -25   33
    1    3
  -30  -19
  -12    5
   13   34
  -18  -14
  -29   43
   29  -31
  -38  -27
  -15   22
   36    5
  -25   46
  -47   32
  -27  -39
   34  -38
  -26   -4
   28   -4
  -27   46
  -27  -42
  -47  -37
   18   25
   -3   45
   29   19
  -13   41
  -47   18
   33   17
  -44   29
  -24   16
  -38  -46
   22  -42
  -37   25
   -5   41
  -10   42
    1   48
   -3  -12
   16  -10
  -35   26
   34   20
  -33   20
   37   30
   23   44
   28  -44
   17    6
   44    3
  -31   -8
  -22  -50
  -34   47
   -6  -20
   14  -27
  -31   19
   30    4
  -11   34
  -11   27
   43   33
  -14  -18
  -27   47
   43   34
   13  -28
   31  -43
  -40  -19
  -33    6
  -45    5
   12   15
   43  -20
   47   23
   25   14
   26  -47
   34   49
   21    2
   38   -2
  -10   34
  -25  -49
   44  -32
  -11   38
   -7   49
   17   43
    9  -23
  -35   22
   15  -34
  -10  -32
   -3   25
  -29   18
  -47   31
   -5   29
   -8   44
   17   12
   26  -33
  -45  -44
   -6  -39
   -7  -34
  -34  -43
  -48    5
   48  -47
   -8   -6
    6  -41
   15   37
  -11  -44
   25  -23
    8  -40
    9  -29
   -3   49
   35  -39
  -30  -40
    4   11
   26  -21
  -25   -2
   33  -29
   -8  -13
   -3  -30
  -45   11
   -2   34
   16  -41
  -21  -48
   23  -18
   -2   24
  -31   43
   25   -2
   -1  -21
    8  -27
   41  -49
   14  -21
  -42  -12
  -47   41
   22    1
  -34    1
   -5   -4
   -7  -45
    6   40
  -33    5
   29  -27
  -12   44
  -38   18
   -2   49
   -5  -29
  -33   35
   -5  -33
   -4  -26
   20   33
   -5  -47
   -6   45
   24  -26
   48   35
  -34   -2
   41  -31
  -43   36
  -18   43
   -4  -31
   14   -1
   26    6
  -11   35
   33   24
  -49   23
    4    7
  -27   19
