  100 2237
   30  -20
   46  -80
   83  -40
  -72  -19
  -37  -58
   89   59
   -8  -35
    4   78
  -87  -17
   99  -50
   22   88
  -60   31
  -83   21
   10   61
  -54  -71
  -72  -33
  -96  -38
   -5   12
   -4  -78
   21   -4
  -31   67
   69   27
  -27  -86
   61  -19
  -35  -81
   56  -20
  -36  -67
  -77  -34
  -43  -69
  -33   57
   97   56
   10   42
   37   70
   54   33
  -95  -80
   11    2
  -61  -33
  -61   -4
  -23   50
   48   61
   66  -38
  -48   44
  -74   95
   16   94
  -93   32
    6  -53
   22  -49
  -50    4
  -91   32
  -12   15
   14  -97
  -56  -97
   10  -88
   -5  -47
  -69   67
   28  -41
   36  -76
  -35   57
  -98  -94
   -5   57
  -26    3
  -15  -51
   78   21
  -82  -94
  -82   27
  -68  -12
   12   71
   52  -20
 -100   40
   67  -84
  -89   31
  -31  -94
   98  -37
   56  -58
   68   50
   93   81
   66   98
   92  -12
  -41  -28
  -23  -61
   85   52
  -49  -37
  -63  -75
  -53   -8
   46  -88
   83  -61
   51   78
   59  -22
   99   96
  -18   45
  -13  -94
  -28   -9
  -68   10
    3  -74
   -3  -87
  -47   73
  -25   53
   31  -64
   50   41
   80  -31
   39  -30
   29   38
   93  -50
   49   59
   55  -44
   67   90
  -91  -44
   14   -5
  -98   85
   16  -23
   58    6
    9   21
  -79  -31
    2   91
  -26  -73
   38   11
   55  -27
   10    5
  -20  -67
  -52   67
  -49  -36
   82   51
   42    4
   38   13
    2  -72
  -69   32
    8  -34
  -95  -46
  -44    5
   69  -25
  -94   39
  -73   74
  -65  -70
   23  -32
   64  -96
   33  -75
   75  -45
   18  -42
  -84   87
   75    1
  -51   67
   54  -76
  -25  -26
   81  -71
   18  -93
  -64   68
   61   -6
   38  -31
   23   -6
    6  -63
  -40  -43
   93  -46
  -19  -15
  -46   31
  -41   28
  -69   -6
   96   36
  -77   11
  -20  -96
   74  -33
  -14   90
  -42   36
   98  -99
   78   57
   68   35
   -7   44
   47   65
   40  -51
  -24   18
    3  -80
  -41   12
  -27  -74
  -52   32
   63   73
  -58   70
   72   41
  -47   14
   26  -62
   22  -88
   64  -76
   -4   89
  -82  -51
    2  -55
   74  -65
  -50  -83
  -50   83
  -16   10
   -8  -46
   69   40
  -28   21
   94  -64
   22   77
  -44   83
   33   24
  -75   34
  -80   58
  -54   98
   22   80
   47   45
  -95   36
  -63  -22
  -37  -73
  -48  -63
   71   74
   15  -97
  -23  -83
   71   92
   52    5
   21  -97
  -12  -29
   23  -15
    2  -63
   37  -91
  -13   98
   88   42
   63   33
  -89   87
  -21   83
   83  -66
   47   78
  -37   34
   39  -38
  -16  -21
  -89  -59
   30   80
  -53  -86
  -38   59
  -56  -81
  -14  -93
  -25   -7
    9   90
  -55  -54
  -38   77
  -39   13
   83    9
  -38  -88
   20  -92
  -11  -21
   50  -61
   96    4
   91  -60
  -53  -85
  -22    5
  -84   36
   68   90
   16  -90
   39  -29
  -18   65
  -10   29
  -84  -41
  -78  -10
  -30  -95
   85  -52
  -78    1
   72  -98
   57   -1
   13  -57
  -42  -84
  -25  -12
   83   75
  -52   -2
   47  -58
   18  -95
  -34   44
  -62   88
  -63   34
  -35   58
   88   26
  -42  -12
    4   65
   59  -94
    9  -57
   74  -22
  100   77
   51  -21
   41   55
   18    2
  -24  -41
  -47   16
    4   41
  -78  -74
  -36  -62
    7   14
  -31   35
  -74  -68
  -68  -91
   31  -43
  -16   36
  -56   58
   15    1
   10  -91
   87  -81
  -25  -76
  -52   68
   91  -15
  -73   91
  -63  -29
  -72   30
  -72   -4
  -25   46
  -42   82
   66   65
   84   45
  -57   53
  -60   84
  -64   63
   59  -12
   -7   31
   58   41
  -18   65
  -73   39
  -58  -75
   74  -96
   82  -66
  -17  -76
   70  -94
  -49   59
   34  -56
   31   44
  -77  -50
   55  -39
  -22  -31
   22  -39
   -5   98
  -62  -88
   10  -64
  -88  -99
   31  -35
  -26  -86
  -65   91
  -80  -95
  -78   43
  -18  -50
   27   37
  -84   40
   27  -62
   51   57
   37  -55
  -15   79
   29   57
  -68   99
  -18   62
   18 -100
   -9  -56
   88   84
  -47  -13
    2  -72
   26   60
   99   52
   96  -53
  -33  -46
  -67  -11
  -41  -20
   97  -70
   37   56
   85  -11
   48   -5
  -25  -19
  -38   -2
  -42   60
   31   14
  -69  -25
   26  -96
   59   53
   39   15
   80  -10
    8   37
   73   49
   83  -97
  -75  -16
   29  -25
   21  -79
   56  -78
   99   78
   22  -66
   21   60
   22   -7
   26   25
  -69   48
   88   47
   77  -53
  -62   58
   94  -31
   87  -10
   92   94
  -24  -72
  -83   29
 -100  -14
    9  -47
    7   63
   83  -17
  -12  -63
   47   75
  -50   32
   12  -72
   75    1
  -77  -54
   56  -83
  -53   79
  -86  -68
   44  -56
    6  -13
   23   39
  -17  -10
  -37   42
  -80   63
   12   14
  -72  -91
  -46   90
   71   60
   23  -87
  -10  -96
   46  -22
   90  -73
  -81  -38
  -98  -58
    5  -29
   72   12
   10   13
   85   61
   80  -50
   10   -2
  -14  -38
  -21  100
  -68  -64
  -24  -13
  -66   63
   24  -92
   78  -61
  -29   77
  -19   39
  -69  -11
  -90   85
  -59   95
  -44   96
  -11   43
   -6   19
   64  -78
   33   82
   37  -68
  -63  -99
   -5   65
   26   17
   21   96
   56  -54
   26   30
   19  -24
   60   46
   98  -95
   88   96
  -16   81
  -61   -1
  -47   55
  -57  -49
  -47  -74
  -28  -56
   37   26
   17  -25
   74  -47
   86   12
   36  -21
  -32  -78
    2  -84
   21  -68
  -35  -79
  -58   83
   47  -57
  -46   13
  -15  -19
  -34  -43
  -91   93
   20   37
   95   -6
  -94   49
   71   27
  -52  -33
    3  -42
  -57  -75
  -75  -23
   18  -49
  -55   84
  -91  -10
  -20   97
  -57   55
  -51  -83
   -4   52
   39  -48
  -49   55
  -75   83
   21   18
 -100   62
   39  100
  -63  -76
  -59  -67
    1    5
  100   71
   71   25
   97    3
   96  -60
  -88  -22
    8  -72
   -8   62
  -58  -75
   56  -25
    7   73
   73  -41
  -31   39
   50   48
   55   58
   67  -10
  -87  -92
  -17   31
  -25  -11
   -1   56
  -51  -94
  -68  -57
  -13  -69
  -70  -81
  -71   95
  -20  -73
  -85   90
   23    6
  -37  -96
   13    5
  -19  -44
   81   40
  -82   60
   11  -89
   89   85
  -60  -69
    6  -81
  -74   -1
   67  -20
   17  -61
   86  -48
    3  -16
   79  -61
   31  -38
  -74  -40
   25   49
  -51    4
   35   29
  -68   54
   63  -76
  -74  -23
  -36   -4
  -68   87
    8  -51
  -75  -64
   99   65
   98   -1
  -33   72
  -14   60
  -82   18
  -57   20
   27  -14
  -79  -45
    4   70
    5  -33
   49   34
   67   36
  -61  -38
   55   60
  -65   60
   14   40
   33  -17
   35    7
   89   31
   38   78
   42  -56
  -72   95
   82   48
   37  -44
  -87   12
  -83  -26
   71   31
   98    6
  -51   21
  -39   -4
  -64   -1
   68   16
  -83  -79
  -45  -14
  -76  -10
    3   74
   15    1
   37   48
   16  -44
   71   22
   83  -90
   19  -42
   -4   67
   43   78
   11  -28
  -90   68
  -70  -33
   -5   75
  -21  -99
   37  -32
  -56   13
   84    5
   -9  -54
    3  -27
   87   31
   24  -15
  -76  -54
   88   18
  -69  -88
   17    9
   -1   73
  -50   80
   45   89
    7  -85
   60    9
  -13  -62
   58  -54
  -17   13
  -79  -33
   51   29
   52    8
  -14  -87
  -42  -78
   -5    7
   -3   12
   67  -55
   54  -34
   29  -17
  -60  -72
  -77   42
  -56  -63
  -92   28
  -68   23
   69   78
  -43   10
  -20  -74
   89   65
   25  -30
  -69   57
  -47   27
  -28   24
  -60  -36
  -65   19
   18  -59
  -85  -17
   96  -36
  -23   54
    7   47
  -88   -3
   18  -83
  -10  -82
   54  -33
  -86    1
   13  -32
  -25  -14
   60  -12
  -44   42
  -38  -67
   12  -98
   33   39
  100  -68
   46   54
  -22  -38
   28  -78
    3   14
   92   87
  -42    3
    7   51
  -61  -16
   79  -92
    1    4
  -32   98
  -19  -77
   58  -89
  -87  -35
   79  -21
   32   54
   56  -22
   24  -61
  -38  -46
  -43  -31
   49   -9
   77  -64
   96  -91
   19    5
    6   88
   45   23
   30  -48
   43   55
  -91   80
   34   77
  -76  -59
   88  -63
   -4   27
  -40  -26
   20   81
   26  -25
  -75  -82
   47  -21
   43   24
  -72   -1
   62  -73
  -45  -35
  -75  -18
   85 -100
   68  -21
  -79   40
  -47  -80
  -13  -70
  -64  -98
   59   -7
   12  -15
   41   73
   51  -60
   -6   15
  -22  -68
   18   12
   32  -56
  -74  -33
  -64  -49
  -11   46
   12  -82
   56   11
   -3   80
  -65  -11
   33   13
    7   48
  -84  -85
  -61  -15
   -4   41
   93  -28
   25   15
   -7   82
  -92  -12
   66   22
   59   23
   97  -78
  -35   82
  -21   24
  -56  -59
   51  -67
  -69  -76
    4  -37
  -33   93
   94   69
   63   15
  -64  -18
  -18   99
   43   29
  -15  -79
   -9   42
  -11   55
  -19   61
   62  -19
   61   -3
   74   84
   83    6
  -60   43
   51  -57
   13  -25
   30   17
  -26   71
   69   87
  -37  -76
   61  -56
   52   76
   32  -48
 -100  -84
   13   12
  -16   78
  -44  -68
   73  -97
   33   31
   98  -52
   54   16
  -23   -9
   52  -77
  -80  -46
   39   94
   18   13
   62   31
  -76   33
  -56   38
   41  -15
   57   40
  -94   72
  -18   65
   14   26
  -61   80
   86   78
   -6  -45
   92  -46
   19  -80
   98   87
  -58  -49
   -1    7
  -31   -3
   73   10
  -66  -15
   28   19
   24  -11
   72  -93
   75  -12
  -12  -85
  -10   34
   96   89
   38  -55
   25   10
   91    9
  -39  -74
   12   44
  -71  -50
   75   54
  -37   10
   83  -15
   18   90
  -65  -97
  -29  -80
   69  -11
   78   98
  -23  -92
   81   21
    6  -42
   40  -39
  -29  -30
   32   69
   36   48
   64  -19
  -45  -22
  -27  -43
  -65  -64
   88   90
   57  -22
  -59   61
  -54   -3
  -58  -79
   97  -72
   84   91
  -37   11
   36   93
   67  -80
   31   -3
   38 -100
  -82   19
  -85  -70
   -6  -73
  -22  -80
   27   92
   -9    6
  -34  -45
  -89  -22
  -82   92
  -31  -42
   26   19
  -79  -63
   97  -12
  -69   50
   96   12
   53   26
  -18  -79
  -27  -13
   34  -46
  -67  -38
  -73   40
   96  -40
   77   90
  -88  -65
   61  -47
   69  -59
  -63  -90
   53  -65
   -4   22
    8   41
  -37   74
  -73  -82
   56   34
  -20  -53
  -54   88
   -9   40
   65  -68
  -31  -67
  -20  -69
  -12  -69
  -73   56
    4  -11
   -4   91
   99  -71
  -69  -65
   52  -50
   25   12
  -60  -78
  -92   50
   87  -53
  -48   85
  -21  -22
  -81   84
  -13   -1
  -35   27
   55   52
   43   96
   37   87
   25   96
  -23   38
   31    3
   63  -26
  -36   45
  -93   43
  -23   68
   82  -32
  -98  -47
  -58   36
  -16   74
   36   49
    8  -15
   89  -69
   92   18
   94  -77
   96   30
   30   42
   76   -8
   13   71
   45  -22
  -53  -63
   85  -95
   63  -57
  -40   84
   10   77
   41   82
   54   -6
  -57  -73
  -99  -97
   49  -88
   -1   81
  -60  -82
  -33   17
   52  100
   47  -75
   30   55
  -58   64
  -62  -34
   94  -66
  -63  -79
   85   97
  -55   61
   23   43
  -87   23
  -95   99
   47  -87
  -38  -93
  -96  -62
  -23   70
   94   90
  -62   33
  -69   18
   24  -29
  -72  -36
    7   54
   78   42
   23   71
  -50  -48
   41  -67
   18   39
   15  -85
    8   55
  -75   -2
  -60   42
   33   11
  -60  -99
   -3   92
   73  -45
  -92   47
   50   98
   73   90
  -44   42
  -20   72
  -82   13
  -43  -76
  -63   56
   -3    8
   89    4
    2  -91
  -43   63
   67  -56
  -86   39
   -1  -33
   53   98
    3  -16
  -32   91
  -72   93
  -83   81
   91  -83
  -65   67
   37   43
  -33  -98
  -74  -52
   27  -49
  -19  -78
  -70  -42
  -12  -10
  -22  -70
   69  -18
   11   95
    1  -31
    5  -51
   69   79
   30   78
  -27   29
  -84   75
  -12   26
  -64   92
  -95   26
  -28  -78
   -3   46
  -68   65
    9   99
  -53  -83
  -31   42
   87   54
 -100   12
   -3   61
  -12  -64
  -61  -38
   -7   -3
   86  -83
  -99   42
   54   84
  -30  -83
  -26   48
   76   17
   83   46
  -13   -7
  -82  -97
   75    2
  -21  -66
  -53   77
  -67  -29
  -96  -80
   -7  -20
  -43  100
   46  -87
   45  -52
  -80  -15
   29    7
  -89  -17
    8  -81
   -8  -66
   47   92
  100   63
  -37  -69
  -22  -76
  -17  -36
   22  -54
  -23   19
  -31  -90
   63   53
   25   78
  -40  -94
   90   12
    9   96
   94  -47
  -92  -83
  -27  -30
   50   86
 -100  -35
   80   87
   14   74
  -26  -46
   69   21
  -38   49
  -26  -40
  -89   91
  -90  -96
  -99  -92
    6  -28
  -72  -89
   10  -97
   59   42
  -47   59
   30   64
  -90  -51
   12   25
   35  -32
    6   45
  -25  -26
    1  -91
   82   63
    7  -74
  -60   -8
    3  -17
  -80   88
   68   79
  -60   28
   -8  -26
   39   -2
   36   47
   -9  -33
   50   91
   20  -98
   64   79
  -94   72
  -75   51
  -17   14
   12  -43
   -8   16
   48  -80
  -12  -32
  -22  -64
  -63   50
   53   42
    7  -64
    4   36
  -81   58
  -68   14
   71  -92
  -39   25
  -68  -50
   48   46
   82  -70
  -34  -95
   72    8
   54  -32
  -54   35
  -96   -2
   18  -39
   69   23
  -16  -27
   17  -93
   22  -12
 -100   80
  -98  -51
   71  -36
   67   79
   34  -19
    3  -34
  -24   40
   24  -92
   32   81
   24  -77
  -83  -74
   63  -27
  -43  -41
  -82  -87
  -79   38
  -26  -71
   21  -25
   97  -53
   97  -82
  -28  -36
  -40  -69
   60   72
  -48   53
   42  -50
   74   43
   57   -1
   19   78
   96    6
    1   17
   22  -33
   60   65
   51   13
  -21  -51
  -70  -18
 -100  -26
  -96  -37
   77  -89
  -10   21
  -20  -80
   44   65
   75  -51
 -100   96
   -4   28
   52  -31
  -51    3
   -6  -78
   19   99
  -56  -12
   -6   92
   62  -91
  -88  -14
   15  -71
  -94   34
  -62  -84
   59   94
    1   61
  -56  -18
   42  -27
   84 -100
   68   -5
  -49   17
  -29   19
   80    5
   61 -100
   55  -75
  -80   33
  -64    4
  -40  -82
   94   70
    2  -38
   19   29
  -86   88
  -99  -92
  -33  -41
  -58  -95
  -44  -60
  -15  -56
   24   26
  -81  -88
  -90   18
   54    5
  -27  -83
   83   54
   29   44
  -58  -88
  -21  -85
  -50  -51
   53  -99
   96  -40
  -27   14
   -5   67
  -96   -9
  -29   46
   53  -40
  -16   44
   40   36
    6   72
   45   -5
   75  -24
   51    7
  -65   52
   29   35
   22   -7
  -77   96
   42 -100
  -34   96
  -58  -40
   47   51
  -94  -75
  -87   59
   -6   42
  -16    3
  -63   -1
   53   26
  -29  -40
   83  -43
  -36   -7
   10   98
   51   55
  -12   64
   -8   88
   75  -47
  -83   49
  -61   51
  -71   60
   77   91
   89  -20
  -67  -14
  -85   71
   -9    5
   53   88
  -60   89
  -13   18
   68  -33
   18   95
  -50  -81
   88   68
   -5  -65
   42   16
  -52   48
  -34  -70
  -38  -18
   61   21
   29  -41
    5   99
   25   39
  -32  -38
   19   81
   14  -53
  -99  -88
    5   96
  -50   82
  -93  -78
  -10   -4
   84   32
   75  -81
  -32   92
   14  -56
 -100   62
  -72  -50
   -5   90
  -67  -14
  -44   45
   48   31
  -81   24
    6   67
   68   51
   69  -29
   27  -51
  -60  -90
   21  -53
   89   52
  -75    9
  -37   62
   -9  -42
  -57    1
   44   14
  -27   94
   41  -32
  -91   85
   -7  -92
   44   34
  -94  -21
  -95  -75
  -19  -65
  -40   76
  -22  -48
  -45  -71
   76   56
   58  -90
   -7   88
  -16  -59
   51   17
   92   74
   20  -22
  -96   52
   73  -44
  -23  -19
   63   61
   35  -46
  -92  -98
  -13  -32
  -11  -67
  -81   47
  -86   -6
    8   58
   22   69
   64  -75
   33   38
   93  -23
   87  -57
   99  -53
  -29   73
  -34   96
   50   74
  -22   47
   47   70
  -43   89
   30   54
   69   84
   15   25
   61  -48
  -89   35
  -15  -25
  -93  -98
   97   71
   39  -11
   69  -67
   73   88
  -43  -98
   90  -87
   87  -52
   68  -27
   41   66
  -61   29
  -44   14
   -3   62
   68   53
  -74  -54
  -10   97
  -52   40
  -74   53
   61   -8
   64   82
   78   30
  -12   41
   63   32
  -64  -89
  -85  -56
   34  -59
  -44   28
 -100   46
   45    1
   48    7
   88  -44
  -42  -68
   -3  -83
  -55   97
   68   93
   84  -62
   62  -29
   97   66
   83  -59
  -83  -37
   66   53
   13    2
  -32  -37
    7  -29
   52  -35
   20  -65
   34   67
   51   53
   91   26
   22   31
    3    1
  -71   38
   79  -29
   -9   75
  -27  -30
  -82  -55
  -96  -16
   43   81
   72  -34
   21   95
  -98   84
  -40    3
  -74  -83
    6   11
  -14  -28
  -76    1
   -1  -82
   67   86
   58  -33
  -70   42
  -56  -32
  -98  -52
  -53   94
  -93    2
   47   34
  -98   78
   63  -58
   56   19
    5  -35
  -49   92
  -69   97
  -13   90
  -97   76
  -71   16
  -58    9
  -38  -93
  -73   -9
    4  -60
  -93  -63
   64  -82
  -94   18
 -100   51
   58   96
   90   49
   49   70
    6  -17
   63   82
   17   24
  -81  -99
  -77    6
   54   88
  -10   51
   28   79
  -21   27
   34   28
   64  -12
  -42  -91
   63   -5
   38  -43
   18   82
   34   18
  -29   26
  -92   48
   42  -67
  -24  -92
   52   95
   61   12
  100   74
  -10   38
   95   84
    9  -54
  -39   49
   13   36
   11   57
  -71  -34
  -52   99
  -56   16
  -18   72
   71  -29
   43   -3
   94  -76
  -30   46
   -5  -75
   56  -25
  -71  -47
   57  -43
  -83   23
  -77   -4
  -51  -35
   52  -60
  -38   36
   78  -76
  -77   11
  -27   62
  -20  -52
  -20   82
  -58  -32
  -45    1
   70   99
  -75   -9
  -68   33
   -3   85
   24   20
  -58   94
  -73  -24
  -97   33
  -69   -8
   82  -23
  -78  -85
  -33   -5
   56   53
  -30  -67
  -89  -73
   97   35
  -57   14
  -17  -58
   63  -54
   92  -18
   70   10
  -52  -37
  -88  -81
   47   36
  -12   -2
   49   44
   27  -30
   -2  -18
   99   43
  -97   57
   33   22
   24   46
  -75   10
   81   62
  -11   -5
   87    2
  -95    6
   85   57
   65  -96
   12  -17
  -30   58
   -4  -25
   61   44
  -31   11
   65   96
  -43   48
  -36  -34
  -62  -14
  -14  -47
   76   29
  -44   30
   87  -14
  -84   21
   61  -16
   25   -4
   89   99
   64  -49
  -33    8
   89   83
  -12   10
  -90   -7
   38   -6
   31   35
    9    3
   55  -42
   69   61
   28  -50
   42  -44
  -44    1
   77  -11
  100  -41
  -43   21
  -10   76
  -84  -95
  -74  -52
   -8  -62
  -61   44
  -91   -4
   35   27
   75   37
  -99   74
   91   80
  -21  -22
  -60   64
   43  -13
  -30   98
   79   70
  -59  -47
   77   24
  -82   37
  -93  -51
   99  -62
  -87  -95
  -46    3
  -57  -45
  -23   75
   53  -60
   94  -40
    3  -52
   14  -71
  -18   35
  -74   11
  -75  -45
  -81  -96
  -79   66
    2  -18
   69   58
  -64  -98
   -5    2
   28  -74
   29   23
  -57   97
   35   58
   -8   73
   17  -93
  -14  100
   26  -78
  -25  -81
   54  -11
   91  -18
    8  -16
   77  -34
  -65  -68
  -19  -16
   55   99
    3  -32
   85  -52
   39   65
  -39  -92
  -74  -35
   -4  -61
  -46   78
  -99  -86
   67   54
   93   44
  -95   45
   55  -93
   72  -83
   96  -14
   19  -17
  -21  -59
   37   62
   26   93
  -76   70
   79    2
   17   54
   22   88
   66  -72
   97   12
   27   74
   10  -38
   -2   32
  -55   90
  -69  -47
  -24  -16
  -18  -23
   21  -12
   20  -45
  -92   27
  -43   42
   38   50
  -31  -48
   53  -45
  -87   -6
   81  -54
  -35   19
   53   39
   17   47
   86  -23
  -50  -19
   99  -19
   82  -30
   67  -59
  -22   -1
   94   18
   44  -68
   92  -45
  -99   80
   75  -62
   13   44
   16  -36
   36  -47
  -20   46
  -92   42
  -28   31
  -17   82
    9  -78
   10  -23
   -9   66
  -42   14
   41   54
   38  -18
  -30   25
   38  -62
  -24  -16
   78   47
  -64  -23
  -65  -96
   45  -27
   19  -62
   53  -23
   43   18
  -57  -96
   42   93
   -8   78
  -88  -55
   59    6
    1  -18
   25  -29
   -7  -93
  -42  -84
   20  -58
   63 -100
   -3   60
   75  -27
  -32  -37
  -12  -29
  -63  -79
    7  -43
   85   33
   61   16
   94   89
  -92   70
  -99  -84
  -18  -16
  -70    9
    2   13
   87  -24
   55  -39
  -84   16
   40   24
  -33  -84
  -70   39
   -7   -6
   53  -41
  -24   37
  -25   15
  -88   95
  -38   61
   71   44
   85  -70
  -63   82
   54  -28
   55  -96
  -20   65
  -32  -26
   36  -67
  -44    2
   51   66
    4   21
   46  -10
   -7   -8
   91   -1
   42  -49
   43    3
  -67   54
  -21  -77
  -32   78
  -66   65
   43   41
  -48  100
  -17   75
  -16  -10
  -32   17
    4  -65
  -71   54
  -62  -16
   97    9
   -5  -46
   75   -7
  -47   41
  -61   39
   87  -16
    2  -40
  -75  -74
   12   82
   59  -13
   72  -89
   54   87
   34   95
  -79   -4
  -35   90
  -30   33
   80   69
  -77   32
   61   32
  -60  -95
   94  -73
  -45   74
  -21   54
   85   92
   88   47
  -59   60
   79  -75
  -12  -27
   12   62
  -10   61
   13   73
  -35   16
   27   85
    2   73
  -61   48
  -93  -60
   50   87
   -7  -70
   93   34
   82  -44
   49    6
   73   49
  -71  -45
    8  -55
  -22   45
   -3   80
   66  -86
  -91   86
 -100  -97
   98   -1
   67   -8
   66  -43
    3   72
   69  -89
   37   35
   -3   51
  -94   57
  -12  -24
  -70   31
   12   21
  -11   75
   62   85
  -44  -41
  -68   97
  -26   12
  -17   84
  -83   91
  -33   42
   29   97
   92   39
   55  -43
   69   30
  -66  -28
   50  -27
  -13  -93
  -87  -82
  -65  -63
  -93   62
   51   69
  -85   44
   70   53
   43   95
    8  -39
   16   80
  -35   28
   48   58
  -88  -54
  -26   50
  -28  -45
  -77  -26
  -72  -51
   15   75
  -30  -20
   16   -2
  -90  -65
   75  -77
   47  -66
  -96  -15
  -22   85
  -91   98
  -66  -96
  -50   33
   88  -59
  -94   70
   41   64
  -11  -44
  -73   25
   78  -47
  -70  -71
  -52   33
  -44   90
  100   22
   71  -64
   82   69
  -55   91
   97  -43
  -22    3
    1  -82
   78  -76
   39  -99
   -5  -83
   16  -77
  -28  -61
  -92  -67
  -54  -53
   95  -18
   44  -65
  -55   21
   98   28
  -18   26
   73  -55
  -56  -24
   93  -89
  -32   36
   33   17
   65    5
    1   52
   38   97
   76  -38
  -53   60
  -35   20
  -47    4
  -54  -61
   99   39
   32  -93
   24   26
   57  -70
  -23  -31
   83   52
   -6    5
  -72  -58
   30  -42
  -28  -84
   21   50
  -17   47
  -75   18
   84  -58
  -70   45
  -50   31
   66    3
  -74   71
   -3  -64
  -17    5
   11  -84
  -49  -33
   41  100
  -75   -8
  -45   70
   50   40
   -2  -11
   67   59
   84   92
   81   26
   79   15
  -78   70
   35  -39
  -51   77
   81  -27
   20   43
  -20   -4
  -30  -55
   21  -86
  -46   75
   -8  -58
  -33  -63
  -84   47
   90   94
   55   43
   74   18
  -42   97
  -37   13
   46  -93
  -73  -69
   11   -5
   85   54
  -63   86
   77   41
   89   91
   98  -28
  -37   88
   32  -16
  -96  -65
   33  -45
   19   77
  -44   37
   -6  -41
  -11  -34
  -40   44
   -3  -59
  -40  -16
  -60  -70
  -83   30
   18   69
   74  -17
   46   65
   48  -35
  -41    4
   86   99
  -81   -7
   25  -23
   13   48
    6    2
   81  -49
   45  -61
  -14 -100
   83   76
    4  -13
   91   59
  -25   62
  -95  -67
  -82  -99
  -99   79
  -56  -84
   39  -54
   -3   66
  -91   20
  -62  -12
  -41   20
  -22   60
   11  -14
  -71  -52
  -87  -39
   -5  -16
  -59   53
 -100  -47
   63   71
   49   -3
   77   28
   81   95
  -85    5
  -24   37
  -77  -86
  -42  -55
   73  -94
   74  -54
  -66  -36
   20   19
  -70    5
   -2   72
  -67  -53
   78   89
    4  -76
   63  -68
   62 -100
   77   58
  -64  -74
   55   -4
   16  -83
  -28  -95
   66  -57
   35   86
  100   22
   53  -93
  -43  -51
  -99  -83
  -74  -23
  -56   -6
   79   66
   38  -53
  -96   56
   37  -99
  -54   20
  -49   24
   70   60
   95   59
   67   87
  -13  -38
    9  -83
   29   66
  -20  -95
   31   40
  -43   10
   91   12
  -82  -24
  -96   66
   83  -74
   65   86
   27   20
  -88  -90
  -91  -43
   57  -10
   61   53
   27  -19
  -15  -36
   26   -3
    1  -95
   69    2
  -48  -44
  -84  -10
  -69   94
  -26  -95
  -28  -79
   35   34
   89  -20
    7   -4
   85  -61
  -80   16
  -37  -92
   48   36
  -12  -60
  -33   67
   65  -23
  -26   33
   66  -29
   11   10
  -30   92
   49   84
    5  -21
  -64  -95
  -64  -45
    3  -39
   80   42
  -40   85
   79  -32
  -56   71
  -20  -67
   27   -5
  -18   50
   92  -37
   54   85
   58   53
   67   -2
  -86  -36
   24   46
   78  -96
  -30  -89
   85   76
   19  -36
   19   51
  -53  -44
  -61   84
   30   86
   91   10
  -17  -68
  -76   47
  -97  -87
   58   -9
    9   11
   47  -76
  -79   96
   46   49
  -84   -3
   97  -88
  -85  -21
   53    7
  -91   16
   84    1
  -57  -40
   42  -30
   -6   74
  -35  -42
  -86  -56
  -60   63
   98   14
   80    5
   10   13
  -44  -36
   27   -1
   94  -56
   96  -42
   31   30
  -84  -63
   59   77
   80  -26
   -1  -24
   33  -90
   99    9
  -15   80
  -20   76
    5  -24
   72  -26
  -97    6
  -19   75
   38   89
  -11   63
   -9   87
   -9   17
   79    2
  -94  -78
   53   14
  -21   24
   45   38
  -46  -81
  -23  -43
   54   36
  -64    6
   53  -46
   19   14
   28   60
  -61   21
  -56   66
  -15  -75
   33  100
   87  -97
  -55  -40
  -38  -27
  -90    4
   17  -13
   -2   47
  -10  -94
   52   28
  -51  -73
  -82  -70
   78   80
    6  -88
   27  -24
   51   55
   89   39
   30   62
  -27  -43
  -25  -32
    3   22
   33   18
  -39  -96
  -92  -30
  -22  -91
  -97  -39
  -87   96
  -53   76
  -48   72
  -25   38
   79   30
  -34   38
   93   28
  -63   18
   62   15
   14   29
   44  -43
   89   42
   83  -24
   91  -78
  -46  -91
  -92   22
   16  -38
   40   75
  -12   86
  -76   65
   72   21
   46   84
  -47  -18
   26   75
  -86   11
   49   71
  -41   22
   37  -44
  -91   58
   57   -2
   36   19
   58  -55
   90  -50
   -5  -41
