  100 2108
   12   32
  -20   -4
  -44   28
   -3  -43
   14   38
    5   17
  -22  -39
   38  -47
   29  -12
  -23   27
   -4   -7
  -39   20
   32    1
  -22  -28
  -24  -45
   -7  -46
  -50   32
    9   -5
  -20   41
   43    2
   -1   -8
   38  -49
   31  -24
    4  -16
   -4   44
  -16    3
   47   45
   47  -27
   -8  -44
   -9    5
   31   29
  -40  -42
  -50   38
  -24  -22
   43  -19
   27   21
  -14  -18
  -16   25
   21   45
   20    3
  -42    5
  -23  -39
   -2   28
   27  -23
   16  -20
    7   31
  -49   41
  -24   13
   12   21
   27  -10
   17  -40
   30    7
   40  -28
   27   12
  -45  -11
  -42   15
   46  -27
   21  -49
   -9   18
    5   -6
    9    3
  -45   44
   14   24
  -20  -46
  -13  -24
   36   25
   50  -43
  -44   43
   34   -9
  -30  -48
   17   30
   32   48
   32   12
   43   39
   17   18
  -21  -25
   29   20
   48   38
   37  -42
  -29  -48
  -40  -49
    3   25
  -27  -45
  -48   38
   35   31
   48  -41
   14   32
  -30   25
  -38  -29
  -37   23
   25  -26
  -30   17
   11   -6
  -47    3
  -37  -46
   35  -26
   20  -13
  -37   15
  -42   25
  -33   46
  -29   48
   12  -41
  -16   -1
   49    4
  -22  -13
  -21    5
   50  -13
   50  -18
   46   13
  -38  -32
  -29  -18
  -18   21
  -21   -3
  -22   46
   33  -20
   34  -40
   -3  -23
  -28   17
  -42  -24
  -13  -31
  -13  -28
   31   48
   35   45
  -38   28
   19  -17
  -41   22
  -16  -23
   22  -17
  -24   48
  -20  -39
  -38  -11
   30  -31
  -25  -17
  -50   20
  -37    7
  -34   31
   49    1
  -25  -31
  -28   47
   11    4
   36  -27
  -27   -6
    1   13
   17   39
  -30  -17
   37  -12
  -49   14
   23   24
  -15    6
   18  -46
   19   14
   33  -28
  -16   34
  -26   21
  -31   50
   18  -45
  -24   11
  -39  -16
    4  -38
   -2   48
   14   34
   36  -49
  -44   49
   -6  -47
  -32  -19
   46   17
   27    6
  -13  -26
  -48  -22
   48   44
   19  -13
   20  -27
  -50   17
    8   40
   42  -43
  -19   30
  -34  -47
  -34   17
  -44  -16
  -45   41
   -6   45
   12   15
   31   -6
   46  -45
  -45  -44
  -50    8
  -13  -22
  -31  -16
  -19  -45
   14   21
    6  -25
   -2   26
   30  -35
   10  -34
   20    4
   18    8
   19  -28
   23   47
   43   45
    6    4
   47  -29
   27  -43
   33  -43
  -24  -44
   21   25
  -21  -37
   26   -2
    4  -28
   -8   13
   34  -16
  -42   12
    8  -10
  -39  -17
   14  -41
  -16  -22
   47  -41
  -34   25
   44   -3
  -42   35
   19   12
   20   10
   13  -29
   20  -50
  -48  -50
    7  -24
   37  -13
   15  -33
    2   35
    4   21
   10   18
   49  -25
  -35  -22
  -14   20
   21   47
  -47   40
   11  -41
   24  -13
   32    2
   37  -27
   40   30
  -17  -14
   32   11
   18   28
  -30  -23
  -19   45
   19   39
  -22   37
  -23  -20
   16  -40
  -22  -25
   26   -3
    7   10
  -32   43
   35   34
   36   13
  -16   26
   10  -43
   34   28
  -37   11
  -11   34
   -3   -2
    8  -41
  -49  -11
   -6   50
    6    2
   46    5
  -49   12
  -10    2
   -2   21
   16   37
  -32   47
  -25   45
   25   -2
  -31   12
  -18   25
   28   49
  -17   37
  -33   27
   49   15
  -14  -24
   12    9
  -19  -40
   12   40
  -12   24
  -34  -48
  -30   20
   -3   24
    6  -41
   -5   32
   11  -44
   17   -2
    1  -31
    2  -10
  -12  -11
   29   -4
  -36   -5
  -25   33
    1    3
  -30  -19
  -12    5
   13   34
  -18  -14
  -29   43
   29  -31
  -38  -27
  -15   22
   36    5
  -25   46
  -47   32
  -27  -39
   34  -38
  -26   -4
   28   -4
  -27   46
  -27  -42
  -47  -37
   18   25
   -3   45
   29   19
  -13   41
  -47   18
   33   17
  -44   29
  -24   16
  -38  -46
   22  -42
  -37   25
   -5   41
  -10   42
    1   48
   -3  -12
   16  -10
  -35   26
   34   20
  -33   20
   37   30
   23   44
   28  -44
   17    6
   44    3
  -31   -8
  -22  -50
  -34   47
   -6  -20
   14  -27
  -31   19
   30    4
  -11   34
  -11   27
   43   33
  -14  -18
  -27   47
   43   34
   13  -28
   31  -43
  -40  -19
  -33    6
  -45    5
   12   15
   43  -20
   47   23
   25   14
   26  -47
   34   49
   21    2
   38   -2
  -10   34
  -25  -49
   44  -32
  -11   38
   -7   49
   17   43
    9  -23
  -35   22
   15  -34
  -10  -32
   -3   25
  -29   18
  -47   31
   -5   29
   -8   44
   17   12
   26  -33
  -45  -44
   -6  -39
   -7  -34
  -34  -43
  -48    5
   48  -47
   -8   -6
    6  -41
   15   37
  -11  -44
   25  -23
    8  -40
    9  -29
   -3   49
   35  -39
  -30  -40
    4   11
   26  -21
  -25   -2
   33  -29
   -8  -13
   -3  -30
  -45   11
   -2   34
   16  -41
  -21  -48
   23  -18
   -2   24
  -31   43
   25   -2
   -1  -21
    8  -27
   41  -49
   14  -21
  -42  -12
  -47   41
   22    1
  -34    1
   -5   -4
   -7  -45
    6   40
  -33    5
   29  -27
  -12   44
  -38   18
   -2   49
   -5  -29
  -33   35
   -5  -33
   -4  -26
   20   33
   -5  -47
   -6   45
   24  -26
   48   35
  -34   -2
   41  -31
  -43   36
  -18   43
   -4  -31
   14   -1
   26    6
  -11   35
   33   24
  -49   23
    4    7
   -5   64
  -27   62
   78   68
   -2   29
  -31  -41
  -53   52
   53  -94
   -5   12
  -98   17
  -22   32
    6   49
  -53   83
   -2   22
  -71  -76
   69   80
   23   40
  -71   75
  -58   87
   -8  -28
  -25  -34
  -31  -54
   13   24
  -35  -38
  -25   41
  -49  -51
   -8   23
  -95   45
    6  -16
  -29  -61
  -24   74
  -52  -54
   -7   11
   78  -63
    3    8
  -15  -55
   67   80
   27   61
    7    8
  -75  -20
  -50  -62
    4    7
   79    9
   41   79
   13   16
  -85   17
  -49   51
    3  -73
  -71   93
    1  -47
   -6    9
   67  -58
    2   37
   49   69
  -46   70
    1  -43
   25  -34
   79  -46
  -74  -87
   -7   16
  -97   26
  -56   62
   52   71
  -98   72
  -28  -48
  -64  -83
   59   85
   30   93
  -22  -32
  -95   75
   77  -92
  -18  -33
   94 -100
   12   51
   -9  -11
  -95  -34
   15   53
   27   54
  -54   63
   48  -51
   38   49
  -96   60
   17  -31
   -7  -16
   35  -33
   56   57
   77   79
  -73  100
    2    3
  -21   48
  -18   85
    5  -20
   -1   13
  -29  -14
   -5    7
    8   13
  -15  -20
   66  -72
   80  -84
  -58   79
   -9  -18
 -100   30
  -43   51
    4  -22
   52   57
  -36   41
   -6  -14
   58   42
  -33   39
   -5   16
   61  -55
  -28  -33
  -11  -14
   80   24
   63   70
   81   86
   79   97
  -17  -26
   38   45
   37  -55
  -82   90
   -9   28
   99  -33
   44  -61
   -3   44
   66   48
  -17  -30
  -32   51
   49   84
   29   39
  -59   62
   53   80
  -18   38
    1   -6
   67  -20
   28  -30
    7  -22
  -80  -27
  -31   44
  -62   66
   49  -88
    9  -16
   27  -37
  -84  -48
   26   28
   82  -85
   46   92
    1   51
  -37   40
   54  -50
   24   25
   23   29
   56   44
   59   66
   -6  -23
  -71  -83
   15   20
  -41  -82
   29   85
    3    5
  -28   37
  -26  -43
   46   51
    4   31
  -43  -53
    9   12
  -76  -19
   25   77
   28   42
  -81   43
  -18  -22
   51  -58
   50  -63
    5    7
  -37   44
   24  -45
  -82   91
   16  -27
  -94  -59
   44   51
  -13  -33
  -52   38
  -45  -60
   36  -62
  -64  -76
  -80  -84
   47   54
   94  -65
   24  -37
   -5  -29
  -64   76
  -81   88
   -7   33
   89  -43
   63   65
   79   95
   78   99
   58   71
   -6  -47
   74  -70
   -5  -16
   60  -66
   59   87
   18   56
   18  -39
   82   47
  -11  -30
  -13  -16
   43  -37
  -49   73
   15   47
   74  -52
   59   86
  -24   27
  -87  -36
  -39  -75
   18  -33
  -80   37
    2   -3
   -8   18
   -6   71
    5   17
  -42   59
   41   60
   71   79
    5  -11
  -87  -55
   59  -67
  -12  -16
   70  -28
   52  -65
   17  -48
   82  -57
  -61  -63
   25   26
   69  -35
  -58  -64
   19   36
   99   46
   47  -50
  -28   31
  -60  -37
  -33   49
   39  -46
   89   55
  -62   86
   15  -19
   95  -41
   44   50
  -60   81
  -57  -89
   -8   21
  -42   45
  -26  -48
  -14  -23
  -35  -53
   34  -93
    2   41
   45   72
   80 -100
   -9  -35
  -28   43
   90  -80
    2   -8
  -18  -27
  -50   47
    3  -41
   61   68
  -55   95
    2   27
    2   12
  -95  -40
   56   71
   19  -20
  -77  -42
  -32  -43
   22  -35
  -48  -50
   -6  -24
  -37   52
   27   70
  -34  -46
   75   80
  -52   96
   37   77
  -15   29
   82  -31
   37  -38
    3   19
   50   21
  -43   46
   26  -31
   48   59
   70  -72
   -4  -43
  -76   47
   -1   21
  -20  -29
  -31   35
   -5   29
   39   52
   31  -72
  -81  -88
  -14  -43
   92  -54
  -71   74
   -1  -12
  -89   23
  -65   85
  -11   16
  -90  -29
   47  -57
   64  -66
   61  -75
   50   55
   -5  -22
   62  -59
   69   87
   38   46
   94   49
   56  -89
    1   20
   92  -26
  -43  -45
   29  -46
  -84  -51
   54   68
  -19   37
  -79   40
  -24  -53
   -9   44
  -79  -46
   32   53
   34   49
   54   61
   48  -51
   16  -33
   93  -77
  -12  -16
   -7    9
  -28  -10
   20  -24
   31  -67
  -27   89
   30   54
   69  -80
   57  -91
    2    6
   20   24
  -18   70
   -3   25
   41  -58
   29  -97
  -42  -61
  -22   71
   78   81
    6   67
    3    6
   71    8
   -5  -18
   -3  -45
   71  -50
  -57  -76
  -20   82
 -100   87
    9   71
  -73  -62
    2    3
   70  -79
  -18  100
  -14   61
   77   79
  -73  -82
  -36   71
   -3   -7
   77  -11
  -40  -50
  -14   21
   61   26
  -31   41
    6   15
  -62   58
    5  -11
   78  -80
   31  -85
   32   49
  -80   84
  -67   96
  -17  -37
   -4  -34
  -40  -43
   22   33
  -44  -47
  -34   50
  -17   32
   15  -25
   54  -33
  -38  -70
   -8  -61
   83  -63
  -16   20
   12   17
  -72   76
  -24  -64
   36   70
   89  -84
   16   17
  -59  -71
  -29   88
   13   16
   50   88
   18  -94
    2   22
   26  -58
   25   60
  -80   84
   10  -56
  -99   76
  -15   18
    7    9
  -67   11
   46  -55
    5   10
   58  -52
   34  -43
   -7   66
  -55   77
  -16   25
   -5   61
   35   80
    2   -4
  -57   68
  -37  -73
  -92   94
   99   39
   -9  -31
   -4  -27
  -41  -42
  -18  -20
   24   62
  -43  -63
   -5   36
   72  -84
   63  -88
    1   57
   47   58
  -60   69
   26  -40
    9  -16
   44  -25
    9   65
  -82   86
   66   88
   11   12
  -30   57
  -27   94
   14  -29
  -10   22
  -38  -23
  -14   16
   17   22
  -24  -29
   -9   75
   89  -81
  -18  -27
   -2  -52
   39   60
   61   80
   13  -31
   95   66
    5  -45
  -15  -23
   50   51
   -3  -42
   70   84
   48  -99
    3  -14
  -37  -42
   25   89
    6  -20
   33   59
  -23   91
    8   72
   88   90
   79   95
  -26  -35
   47   54
   46  -64
  -18   37
   53  -70
  -42   75
  -12   53
  -26  -39
   57   58
  -41   60
   38   48
   93   62
  -68   71
  -27   47
   89   76
    9   10
  -29   37
  -15  -39
    1  -33
   16  -31
   44  -36
  -40   53
  -71   75
   58  -97
   18  -25
    1   36
  -93  -46
   35   37
   10   60
   55   63
  -46   49
   33   34
  -59   65
   32   38
   68   75
   53  -80
  -15  -32
   -5   24
  -92   29
   38  -50
   -1   12
  -91   14
  -35  -37
   -4   55
   46   60
   13   40
  -52  -62
  -75  -85
   18   21
   34   86
  -28  -90
   37   51
   -3  -27
   52  -31
   59   60
   14   16
  -67   33
  -46   53
   -9   25
  -54  -36
  -68  -74
   -8   53
  -87   60
    3  -22
   47  -54
  -42  -69
   -3    5
  -71  -85
   45  -89
   56   63
   33  -46
  -74  -73
    4    8
  -38   85
  -14  -90
  -16   42
   72   74
  -52   87
   67   80
  -15  -56
   83  -79
   -4  -14
   68   69
  -25  -75
   27   65
   27  -48
   91   56
  -20  -39
   -7  -22
   52  -25
  -46  -58
   24   56
   82  -61
   68   95
    4  -33
  -96   36
  -45  -48
  -89   95
  -84   96
   27  -42
   -2   11
   46  -12
  -15  -93
  -17   27
   98   80
   14   26
  -51   68
   50   69
   80   88
   14  -20
  -96  -64
   68  -76
  -21  -25
   79  -37
   61  -74
   26  -57
   91  -66
    8  -70
   34   35
  -72  -44
    4   28
   55   56
   45  -59
  -69   84
  -37   40
  -95  -46
    4  -42
   48  -55
   58   64
   24  -28
   53   59
  -50  -66
  -69   90
   -2    5
  -98  -17
   30  -35
   54  -57
  -51  -87
    1  -23
   43  -44
  -32  -62
   -9   11
  -18  -44
   50   99
  -37   52
   11  -17
  -89  -59
    4   -8
  -36   56
  -27  -70
   -4   12
  -64   70
  -50   77
   11   21
   65   80
  -49  -86
   28  -29
  -41  -52
  -51  -57
   31  -44
    5    7
  -59  -15
  -33   36
    6  -43
  -46  -55
  -61   84
   46   86
   89   91
    4  -24
   46  -47
   38   59
   12   28
  -52   55
   30   57
   35  -40
   79  -81
   68  -85
  -13  -52
  -10   30
   56  -40
  -29  -38
    1  -14
   44   38
   48   61
  -23  -52
  -81  -63
  -80   83
    2  -41
  -98  -73
  -10  -21
  -74   94
   32  -99
  -20   25
   56  -66
  -38   70
   73  -75
    3   59
  -84   64
    3    4
    1  -14
   65  -31
  -68   78
   47   55
   96   58
   10   29
  -52  -54
  -35  -93
   38  -55
   63   77
  -60  -88
    3  -28
   49   55
   46  -71
  -33  -62
    4  -18
  -88   53
  -55   88
    1   41
   99   62
    2   43
   25  -42
   58  -86
  -21  -25
  -16   18
  -37  -19
   29  -33
   40  -76
  -36   98
   39   63
   -2   78
   66  -89
   -6   11
  -27   29
   15   33
  -12   34
  -51  -70
   38   87
  -31   80
   15   76
   90   80
    6   12
   17  -31
   15  -47
   -9  -14
  -12  -54
  -27  -59
   -6  -29
   18   80
   91  -82
   37   61
   11   12
  -71  -27
  -23   70
   86   88
  -82  -91
  -45   80
  -12  -16
   86  -20
  -49  -59
    1   -6
   70  -23
   30   35
   50  -71
  -40   84
    4   15
    5   -8
   24   14
  -20   40
  -89  -94
   87   98
   41   58
  -26  -46
  -76  -49
  -13  -43
   31   42
  -52  -43
  -53  -56
  -26   41
   59   63
   24  -34
  -47  -79
  -42   92
  -17  -70
  -25   29
  -72  -81
   21   26
  -33  -73
   85   98
   -8   13
    3   45
   -3   25
  -38  -68
   26  -80
   -8   22
   27   59
   25   97
   11   31
   35  -67
   34   69
    8   19
  -24   27
  -65  -76
   16   18
   55  -64
   20   67
   14   19
   43  -52
  -61  -64
  -16   75
  -25   34
   86   44
   -1    3
  -14   70
    8   89
   11  -13
  -66   77
  -46  -82
  -10   12
  -18  -40
   48  -50
  -13  -36
   -8   30
  -51   69
  -27  -29
   33   71
  -52  -72
  -14   45
   81  -93
   72  -97
   10   66
   56   67
  -69   78
   35  -49
   18  -25
   53  -34
    3   18
   75  -91
   74   95
   -9   20
  -36  -39
   21   66
    1   23
  -19   31
  -38  -32
   -2  -23
   26  -28
   25   30
   31  -33
  -18   84
  -38  -90
    4  -27
   48   59
  -36  -77
  -11  -61
   -4   22
   69  -40
   14  -54
   -8  -24
   59  -32
    8  -12
   57   79
  -51   93
   12  -23
  -46  -51
   34   98
    4   15
  -32   42
  -29   68
    8   17
   88   97
   81   99
   -4  -35
   55   56
  -44   63
  -27   46
   62  -79
  -51   84
    4  -21
    2  -35
   62  -48
   47   57
  -77   80
   71   98
  -36   56
   18   19
   85  -24
  -38   46
   -6   10
  -48  -42
   -2   25
  -45  -49
  -40   62
   67  -80
   -3   27
   84  -34
   -3   10
   44   46
   45   64
    5   30
   19   69
  -61   72
  -55   58
   42   43
  -68   74
   -1   41
   62   77
   47   84
    3  -24
  -14   33
  -41   38
   47  -59
  -10   21
 -100   23
  -44  -46
  -13   64
   55   69
   22   49
    1   -7
  -84   38
  -61  -71
   27   30
  -94  -37
   43   95
   46   60
  -99   61
    9  -12
  -40   68
  -36   69
  -76  -81
   23   25
  -87   42
  -55   62
    8  -18
  -63   34
  -45  -77
  -17   62
  -83   69
   -2   12
  -51   56
  -31  -63
  -78  -82
  -12   14
  -87   54
  -80  -94
   65   72
  -98  -83
    6    7
  -55  -82
   42  -85
   13   17
  -47   94
  -23  -99
   -8  -25
  -61   81
   51   83
   76   89
    5  -24
   92  -65
  -13  -23
   77   78
  -34  -84
   36   74
   -2   -9
  100   36
  -57   65
   -6  -29
   87  -48
    4   -5
  -31  -34
  -16  -55
  -67   91
    4    5
   92   33
   65  -70
   13  -42
   77   45
  -54  -57
   -2    7
  -93   36
  -11   20
  -26   36
  -21   89
   -5  -12
   23   35
  -51   59
  -60   77
    5   23
   78  -29
  -73   77
    8  -30
  -85  -34
    7   70
   35  -66
  -83  -75
   17  -79
   -4   43
  -81   44
  -53  -76
   13   37
  -82   54
   64   65
    7  -46
  -68   49
    4   13
   57  -64
  -51   73
   -7  -24
   33  -37
   42  -59
   62   68
  -11   14
  -75  -26
   39  -44
   63  -66
  -60  -96
   10  -32
   52  -53
  -41  -71
  -18   20
    8   63
   59   90
  -46   61
   20  -26
  -98  -68
   13  -17
  -45   65
  -36  -79
  -13   21
  -73   79
  -59   86
   -7   20
   20   30
   45  -58
   74   89
   37  -38
  -95  -60
  -50  -61
   40  -53
  -66  -68
   14   16
  -42   45
  -24  -55
   15  -52
  -70   93
  -64   98
   55   95
   13  -33
  100   47
   55  -56
   21   37
   68   39
  -61   64
   44  -49
   66   77
   88  -90
  -22  -61
  -94   65
   -7  -19
    2  -38
   39  -47
   -6   10
   -7   57
  -23   70
  -32  -61
    3   -8
  -72   11
  -19  -30
  -29   34
   41  -47
   65  -75
   82  -84
   79  -93
   12   68
    5   12
   73   13
   -7   10
  -40  -77
  -23   87
   -2   56
   19   38
   64  -44
   47  -64
   72   86
  -69  -97
   12  -37
   58   64
   55  -80
    8  -42
   13  -27
  -71   62
    1   10
   11   52
   50   67
    3   34
    7  -30
  -51  -34
  -25   27
   38  -42
  -28  -45
   -9   48
   75   78
   72  -81
    6  -11
  -15   20
   87   24
  -36   38
  -21   43
   42   47
   -8  -60
  -40   89
  -79   99
   24   85
   -4   15
   89   21
   24   26
  -18  -23
  -40  -36
    5   -8
  -63  -68
  -21  -75
  -15  -38
   27   89
  100  -91
   46   70
   20   21
  -80  -36
    8   88
  -32   79
  -97  -91
   95   97
  -54   89
 -100   95
  -21  -25
  -58  -68
  -29   79
   10  -15
   39   44
  -32  -49
   59  -80
   -3    7
   93   13
   24   33
    2   14
   76  -17
   23  -29
   50   67
   49  -85
  -35  -55
  -22  -52
  -58  -61
   40   51
  -62  -65
  -52   68
    1  -35
   72  -95
   50  -99
    5   33
  -51  -56
  -43  -88
  -26  -79
  -34   38
  -81  -90
    7   30
   -2  -17
   35   22
   12   54
    6  -12
   88   34
   35  -47
    2  -17
  -77   31
   34   36
   20   40
   68   43
   44  -76
   -8   30
   78 -100
   17   28
   -1  -33
  -74   36
    6   25
   29   64
   27  -73
   76   96
   23   28
   97  -70
   -1  -14
   52  -61
  -24  -73
  -25   84
  -34   43
   95   53
  -10   12
  -23   79
   17   98
   20  -22
  -75   86
  -55  -91
    2    4
  -27  -49
  -19  -59
  -22  -45
   -4  -17
  -60   39
    5  -36
  -61   63
  -38  -64
   -2   -6
   80  -81
   42  -95
  -23   54
   19   75
   81  -78
   65   76
   44  -58
   87   62
    4    6
  -34  -43
   27  -60
   12   27
  -18   29
   83   30
  -45  -48
    7   10
   75   32
  -47  -56
    7  -28
  -93   40
  -11  -32
   35  -37
   34   39
   40  -42
    6  -27
  -47   93
   13  -36
   57   68
  -45  -86
  -20  -70
  -13   31
   78  -49
    6   23
    2  -17
  -63  -33
   17  -21
    7   21
  -60  -32
   43  -82
    9  -55
  -89  -60
    6    8
   24  -38
   13  -41
   -9   17
  -13  -44
   26  -53
   64   65
   -4  -36
   72   55
  -60   71
   13  -30
  -88   71
   11  -44
    7   -9
  -57  -59
   56   66
   -7  -45
   80   65
   27   28
  -47   55
  -33  -57
  -15   19
  -11   34
  -51  -49
  -54  -58
   76  -89
   71   93
  -12   36
    9  -12
  -43   19
   54  -64
   53   55
  -75   73
   -8   14
   28   78
   39   81
  -64   67
   51   52
  -77   83
  -10   50
   71   86
   56   93
   -9   12
  -23   42
  -33   47
  -19   30
  -53  -55
   32   64
  -22   73
    3   31
   78   58
   -3   10
    4   -8
  -16  -70
   -5   36
   55   69
   39   70
   -9   18
  -45  -49
  -21   77
   78  -85
   -5   32
  -90   34
   51  -64
   17  -27
   71   43
  -54  -86
  -26   71
  -92   78
   -3   -7
   21  -40
  -11  -60
   65  -72
  -21   23
  -87   63
    7   74
    3   -8
   81   15
   16   51
    5    6
  -64   22
   26  -32
    1    3
  -56  -17
  -34   60
   -3   85
  -70   98
   14  -33
    9  -22
  -74  -32
  -43   86
    2   45
   87   83
  -11  -18
  -66   74
   45   96
    2  -15
   13  -14
  -38  -25
  -40  -43
   -2   -7
  -64   13
   14   42
   22  -51
   74   54
  -11   16
  -20   29
   45  -30
  -35   45
    6  -14
   98  -21
   32   44
  -69   86
   68   87
   14   32
  -82   86
  -38  -94
   17  -39
   16   79
  -43  -92
   44  -75
   26  -88
  -84  -90
    2  -13
   53  -62
   52  -85
   22   46
   73   74
   63  -77
   16  -55
   13   22
   58  -60
   66  -73
    8  -16
   82  -33
   -5   42
  -68   71
  -46   77
  -20   23
   48  -53
  -35  -69
    7   19
  -50   61
  -41  -62
  -27   29
   17   72
   68   99
   -7  -36
   29  -35
  -62  -77
   22  -26
  -54   74
  -45  -88
  -22   30
  -82   88
  -68   95
  -16   29
   -4  -14
   54   21
   29   39
   46  -47
  -67  -69
   -8  -59
   49  -62
  -70  -77
    2    7
   25  -33
   23  -51
   54  -64
    4    9
   79   24
  -61  -73
   22  -42
  -79   56
   64  -65
   -3   30
   77   46
   48  -70
    4   53
   73  -58
   86   97
  -31  -70
  -99   74
  -16  -28
   11  -47
   48  -56
   -8  -15
  -32   56
   19   58
    1  -16
  -41  -70
   66  -81
   12  -17
   -2  -28
   20  -39
  -38   43
   74  -84
  -56   88
   21   77
   14   21
   82   22
  -16   19
  -49  -86
  -32   96
  -11   65
   -6   28
   73   47
  -53  -70
   56  -73
  -72  -78
   -6   21
   64   67
  -46   73
    6   17
   22  -36
  -51   71
   10   19
   20   61
   59   76
   -9   75
   12   43
  -78  -60
   16  -39
  -34   36
  -43  -37
   47  -51
   -7  -18
  -54   57
   81   84
   15  -20
   87   96
  -24   29
  -45   47
   33   51
    5  -30
   56   68
   52  -85
    8  -17
   -1  -49
  -69   98
   33   94
  -13   24
   98   30
   33   35
   -3  -27
  -49  -32
    9   14
  -30  -72
  -17  -77
   -3  -24
   36   98
  -47 -100
   55   79
   29   30
  -89  -45
   -6   27
    4    6
   43   -9
    4  -41
  -30  -34
   88  -38
    2  -67
   19  -24
  -77  -41
   48   53
    5   -7
  -58  -12
   16   22
   -7   11
   33   23
  -26   32
   59   76
  -38  -94
  -44  -64
  -31  -61
  -67  -70
   -4   -8
   60  -61
   49  -71
  -74   77
   10  -44
  -85   59
   14   42
  -60  -65
  -52  -97
  -35  -88
   -2  -27
  -90   40
    3  -43
   16   39
   47   44
  -11  -26
   21   63
   31   97
   15  -21
   44  -56
   43  -86
   -7   11
   40   43
  -26   45
   -9   29
   52   53
   49  -85
    3  -17
   26   37
   39  -83
  -10  -42
    5    6
   45   58
   15   34
   38   73
   36  -82
   32   37
  -10  -23
  -79  -33
    4   61
    7    8
  -70  -43
   52   62
  -19   21
  -92   26
   29  -31
  -84   95
  -64 -100
   11   13
  -36  -58
  -28  -68
  -31  -54
  -13  -26
  -69   48
   -4   14
  -47  -70
  -45   72
  -11  -15
  -32   63
   51   90
   28   84
   74   85
  -87   96
   53  -67
   -9   13
   71   15
   36  -43
   21   36
  -52   92
   -2  -27
   39  -54
   38  -57
   16   19
   16  -37
   41   49
    2   -8
  -41   43
  -20   44
  -46   48
    7   22
   49  -45
  -54   66
  -29  -79
   77   87
  -22   40
   15   32
  -58  -72
   11  -26
   26  -30
  -42  -69
   16   30
   52  -91
  -41  -98
   18  -64
    6   15
  -69   17
   22   33
  -50   60
  -47   86
  -18   26
    2  -22
   35  -53
  -62   73
  -13  -45
   74   64
  -69   80
   22  -39
  -97   80
   20  -53
   16  -18
  -66  -68
    3   65
   89  -95
   75   98
  -16  -54
   36   37
   74  -42
  -56   64
    2  -24
  -66   28
  -20   43
  -63  -67
  -58   80
  -21   45
   18  -21
  -52   28
   63  -73
   62   64
  -84   82
  -17   23
   37   87
   48   90
  -73   76
    2   -7
  -86   60
  -19   59
  -18   21
   65  -42
  -32   51
   -2  -28
   56   39
   41  -62
   73  -79
  -64  -83
   -2  -31
   12   40
   82   67
  -12   19
   13  -17
  -25  -79
