  100 1411    3
  217   12   32  -44
  214  -20   -4   28
   66   -3  -43    5
  135   14   38   17
  145  -22  -39   29
  159   38  -47  -12
  126  -23   27  -39
  176   -4   -7   20
  201   32    1  -24
  138  -22  -28  -45
  220   -7  -46    9
  178  -50   32   -5
  146  -20   41   -1
  244   43    2   -8
  108   38  -49    4
  236   31  -24  -16
  170   -4   44   47
  131  -16    3   45
   62   47  -27   -9
  180   -8  -44    5
  210   31   29  -50
   68  -40  -42   38
  187  -24  -22   27
  188   43  -19   21
   89  -14  -18   21
  164  -16   25   45
   91   20    3  -23
   71  -42    5  -39
  222   -2   28   16
   81   27  -23  -20
  237    7   31  -24
   56  -49   41   13
  228   12   21   17
  171   27  -10  -40
  167   30    7   27
  206   40  -28   12
  123  -45  -11   46
  141  -42   15  -27
  221   21  -49    5
  216   -9   18   -6
   52    9    3   14
  111  -45   44   24
   51  -20  -46   36
   81  -13  -24   25
  145   50  -43   34
   91  -44   43   -9
  134  -30  -48   32
  142   17   30   48
  139   32   12   17
  227   43   39   18
  209  -21  -25   48
  143   29   20   38
   87   37  -42  -40
  156  -29  -48  -49
  193    3   25  -48
  211  -27  -45   38
  203   35   31   14
  128   48  -41   32
  189  -30   25  -37
   51  -38  -29   23
  206   25  -26   11
  174  -30   17   -6
  174  -47    3   35
  145  -37  -46  -26
  184   20  -13  -42
  179  -37   15   25
  171  -33   46   12
  124  -29   48  -41
  209  -16   -1  -22
   97   49    4  -13
  122  -21    5   50
  227   50  -13  -18
  138   46   13  -29
  111  -38  -32  -18
  119  -18   21  -22
  197  -21   -3   46
  155   33  -20   -3
   77   34  -40  -23
  186  -28   17  -13
  205  -42  -24  -31
  159  -13  -28   35
  198   31   48   45
  244  -38   28  -41
  114   19  -17   22
  125  -16  -23  -24
   57   22  -17   48
  126  -20  -39   30
  140  -38  -11  -31
  163  -25  -17  -37
   62  -50   20    7
  107  -34   31  -25
  115   49    1  -31
  227  -28   47   36
  163   11    4  -27
  129  -27   -6   17
   65    1   13   39
  248  -30  -17  -49
  144   37  -12   14
  169   23   24   18
   59  -15    6  -46
   58   19   14  -16
  179   33  -28   34
  108  -26   21   18
  117  -31   50  -45
   82  -24   11    4
   86  -39  -16  -38
   88   -2   48   36
  224   14   34  -49
  222  -44   49  -32
  202   -6  -47  -19
  191   46   17  -13
  157   27    6  -26
  130  -48  -22   19
  116   48   44  -13
  215   20  -27    8
  199  -50   17   40
  229   42  -43  -34
  137  -19   30  -47
  209  -34   17  -45
  239  -44  -16   41
  165   -6   45   31
   67   12   15   -6
  135   46  -45  -50
  170  -45  -44    8
  143  -13  -22  -19
  110  -31  -16  -45
  151   14   21   -2
  207    6  -25   26
  227   30  -35   20
  102   10  -34    4
  178   18    8   23
   96   19  -28   47
  157   43   45   47
  246    6    4  -29
  214   27  -43  -24
   92   33  -43  -44
  171   21   25   26
  143  -21  -37   -2
  225    4  -28   34
   88   -8   13  -16
   88  -42   12  -39
   99    8  -10  -17
  232   14  -41   47
  105  -16  -22  -41
  106  -34   25  -42
  236   44   -3   35
  207   19   12   13
   95   20   10  -29
  182   20  -50    7
   78  -48  -50  -24
   71   37  -13    2
  160   15  -33   35
   86    4   21   49
   54   10   18  -25
  248  -35  -22   21
  249  -14   20   47
  140  -47   40   24
  109   11  -41  -13
   86   32    2   40
  121   37  -27   30
  113  -17  -14   18
   50   32   11   28
  184  -30  -23   19
  187  -19   45   39
   86  -22   37   16
  205  -23  -20  -40
  226  -22  -25    7
  228   26   -3   10
  188  -32   43   36
  148   35   34   13
  202  -16   26   34
  198   10  -43   28
  221  -37   11   -3
  126  -11   34   -2
  245    8  -41   -6
  112  -49  -11   50
  228    6    2  -49
  168   46    5   12
  195  -10    2   16
  210   -2   21   37
  237  -32   47   25
   85  -25   45   -2
  118  -31   12   28
   85  -18   25   49
  136  -17   37   49
  202  -33   27   15
  202  -14  -24  -19
   63   12    9  -40
  215   12   40  -34
  145  -12   24  -48
  181  -30   20    6
   85   -3   24  -41
   85   -5   32   17
  229   11  -44   -2
   65    1  -31  -12
  232    2  -10  -11
  150   29   -4  -25
  138  -36   -5   33
   71    1    3  -12
  115  -30  -19    5
  151   13   34  -29
   63  -18  -14   43
  142   29  -31  -15
   56  -38  -27   22
  239   36    5  -47
  226  -25   46   32
  216  -27  -39  -26
   84   34  -38   -4
   98   28   -4  -27
  188  -27   46  -42
   85  -47  -37   -3
   86   18   25   45
  137   29   19  -47
   52  -13   41   18
   82   33   17  -24
  110  -44   29   16
  244  -38  -46  -37
   92   22  -42   25
   84   -5   41    1
  129  -10   42   48
   57   -3  -12  -35
  125   16  -10   26
  176   34   20   37
  108  -33   20   30
  144   23   44   17
  192   28  -44    6
  148   44    3  -22
  229  -31   -8  -50
  126  -34   47   14
  201   -6  -20  -27
  221  -31   19  -11
   50   30    4   34
  161  -11   27  -14
  215   43   33  -18
  206  -27   47  -41
  209   43   34   41
  112   13  -28  -40
   55   31  -43  -19
  215  -33    6   12
   53  -45    5   15
  245   43  -20   25
  173   47   23   14
   56   26  -47   21
  158   34   49    2
  223   38   -2  -25
  129  -10   34  -49
  143   44  -32   -7
   81  -11   38   49
  167   17   43  -35
  172    9  -23   22
  109   15  -34   -3
  229  -10  -32   25
  250  -29   18   -5
  225  -47   31   29
   61   -8   44   26
  130   17   12  -33
   68  -45  -44   -7
  223   -6  -39  -34
  152  -34  -43   48
  249  -48    5  -47
   52   -8   -6   15
  174    6  -41   37
  130  -11  -44    8
  104   25  -23  -40
   78    9  -29   35
  122   -3   49  -39
   90  -30  -40   26
  104    4   11  -21
  152  -25   -2   -8
   73   33  -29  -13
  246   -3  -30   -2
   75  -45   11   34
   59   16  -41   23
   93  -21  -48  -18
  230   -2   24   25
  235  -31   43   -2
  120   -1  -21   41
  149    8  -27  -49
  109   14  -21  -47
  151  -42  -12   41
  226   22    1   -5
   51  -34    1   -4
  169   -7  -45  -33
  159    6   40    5
  108   29  -27  -38
  144  -12   44   18
  163   -2   49  -33
   75   -5  -29   35
  214   -5  -33   20
  226   -4  -26   33
  168   -5  -47   24
  242   -6   45  -26
  129   48   35   41
   56  -34   -2  -31
  114  -43   36   -4
  169  -18   43  -31
  180   14   -1  -11
  195   26    6   35
   81   33   24    4
   89  -49   23    7
  114   -5   64   78
  335  -27   62   68
  193   -2   29  -53
  995  -31  -41   52
  995   53  -94  -98
  687   -5   12   17
  687  -22   32  -53
  200    6   49   83
   94   -2   22   69
   94  -71  -76   80
  153   23   40  -58
  153  -71   75   87
  709   -8  -28  -31
   17  -25  -34  -54
  945   13   24  -25
  945  -35  -38   41
  945  -49  -51  -95
  940   -8   23   45
  475    6  -16  -24
  475  -29  -61   74
  505  -52  -54   78
  582   -7   11  -63
    5    3    8   67
  518  -15  -55   80
  610   27   61  -75
  471    7    8  -20
  471  -50  -62   79
  631    4    7    9
  631   41   79  -85
  320   13   16   17
  320  -49   51  -71
  283    3  -73   93
  785    1  -47   67
  907   -6    9  -58
  613    2   37  -46
  613   49   69   70
  774    1  -43   79
  243   25  -34  -46
  243  -74  -87  -97
  535   -7   16   26
  535  -56   62  -98
  233   52   71   72
  571  -28  -48   59
  571  -64  -83   85
  467   30   93  -95
  845  -22  -32   75
  845   77  -92   94
  570  -18  -33 -100
   46   12   51  -95
   86   -9  -11  -34
  807   15   53  -54
  747   27   54   63
  560   48  -51  -96
   31   38   49   60
  829   17  -31   35
  667   -7  -16  -33
  262   56   57  -73
  262   77   79  100
    6    2    3  -18
    6  -21   48   85
  810    5  -20  -29
  964   -1   13  -14
  516   -5    7    8
  516  -10   12   13
  516  -15  -20   80
  357   66  -72  -84
   55  -58   79 -100
  335   -9  -18   30
  122  -43   51   52
  904    4  -22   57
  111  -36   41   58
  180   -6  -14   42
   96  -33   39   61
  430   -5   16  -55
  240  -28  -33   80
  687  -11  -14   24
  347   63   70   79
  347   81   86   97
  214  -17  -26   37
  214   38   45  -55
  214  -82   90   99
  357   -9   28  -33
  357   44  -61   66
  199   -3   44   48
  284  -17  -30   49
  973  -32   51   84
  296   29   39   53
  296  -59   62   80
  325  -18   38   67
  417    1   -6  -20
  417   28  -30  -80
  327    7  -22  -27
  327  -31   44   49
  327  -62   66  -88
  838    9  -16  -84
  529   27  -37  -48
  726   26   28   46
  726   82  -85   92
  998    1   51   54
  499  -37   40  -50
  777   24   25   56
  296   23   29   44
  296   59   66  -71
  620   -6  -23  -83
  594   15   20   29
  594  -41  -82   85
  353    3    5  -26
  353  -28   37  -43
  356   46   51  -66
  965    4   31  -66
  387  -43  -53  -76
  851    9   12  -19
  851   25   77  -81
  201   28   42   43
  468  -18  -22   50
  468   51  -58  -63
  413    5    7   24
  413  -37   44  -45
  413  -82   91  -94
  259   16  -27  -59
  868   44   51  -52
  221  -13  -33   38
  221  -45  -60  -64
  715   36  -62  -76
  715  -80  -84   94
  933   47   54  -65
  962   24  -37  -64
  611   -5  -29   76
  611  -81   88   89
  158   -7   33  -43
  158   63   65   78
  158   79   95   99
  628   58   71   74
  659   -6  -47  -70
  548   -5  -16   59
  548   60  -66   87
  371   18   56   82
  349   18  -39   47
  547  -11  -30   43
  131  -13  -16  -37
  131  -49   73   74
  361   15   47  -52
  361   59   86  -87
  765  -24   27  -36
  765  -39  -75  -80
  194   18  -33   37
   11    2   -3   -6
  934   -8   18   71
  538    5   17   41
  538  -42   59   60
  538   71   79  -87
  391    5  -11  -55
  391   59  -67   70
  122  -12  -16  -28
  492   52  -65   82
  482   17  -48  -57
   75  -61  -63   69
  896   25   26  -35
  896  -58  -64   99
  596   19   36   46
  596   47  -50  -60
  626  -28   31  -37
 1000  -33   49   89
  209   39  -46   55
  209  -62   86   95
   77   15  -19  -41
   77   44   50  -57
   77  -60   81  -89
  993   -8   21  -26
  993  -42   45  -48
  366  -14  -23   34
  366  -35  -53  -93
  498    2   41   80
  617   45   72 -100
  160   -9  -35   90
  356  -28   43  -80
  229    2   -8  -50
  579  -18  -27   47
   59    3  -41  -55
   59   61   68   95
  976    2   27  -95
  274    2   12  -40
  274   56   71  -77
  915   19  -20  -42
  339  -32  -43  -48
   70   22  -35  -50
  360   -6  -24   27
  360  -37   52   70
  417  -34  -46  -52
  417   75   80   96
  481   37   77   82
  209  -15   29  -31
  382   37  -38   50
  417    3   19   21
  417  -43   46   48
  707   26  -31   59
  707   70  -72  -76
  650   -4  -43   47
  444   -1   21  -31
  644  -20  -29   35
  732   -5   29   31
  302   39   52  -72
  302  -81  -88   92
  410  -14  -43  -54
  410  -71   74  -89
  809   -1  -12   23
  809  -65   85  -90
  512  -11   16  -29
  512   47  -57   61
  512   64  -66  -75
  523   50   55   62
  216   -5  -22  -59
  216   69   87   94
  794   38   46   49
  794   56  -89   92
  328    1   20  -26
  328  -43  -45  -84
  747   29  -46  -51
  747   54   68  -79
  729  -19   37   40
  821  -24  -53  -79
  379   -9   44  -46
  930   32   53   54
   35   34   49   61
  946   48  -51   93
  973   16  -33  -77
  772  -12  -16  -28
  234   -7    9  -10
  234   20  -24  -27
  234   31  -67   89
  904   30   54   57
  742   69  -80  -91
  665    2    6  -18
  665   20   24   70
  139   -3   25   29
  139   41  -58  -97
  423  -42  -61   78
  869  -22   71   81
  498    6   67   71
  848    3    6    8
   20   -5  -18   71
   87   -3  -45  -50
   87  -57  -76 -100
  279  -20   82   87
  619    9   71  -73
  818   28   52  -62
  161    2    3  -18
   17   70  -79  100
  300  -14   61  -73
  300   77   79  -82
  593  -36   71   77
  910   -3   -7  -11
  418  -40  -50   61
  510  -14   21   26
  510  -31   41  -62
  607    6   15   58
  163    5  -11   31
  163   78  -80  -85
   82   32   49  -67
   82  -80   84   96
  626  -17  -37  -40
  120   -4  -34  -43
  536   22   33  -34
  536  -44  -47   50
  498  -17   32   54
  273   15  -25  -33
  273  -38  -70   83
  979   -8  -61  -63
  662  -16   20  -72
  665   12   17   76
  488  -24  -64   89
  265   36   70  -84
  105   16   17  -29
  105  -59  -71   88
   70   13   16   18
   70   50   88  -94
  621    2   22   25
  621   26  -58   60
  621  -80   84  -99
  604   10  -56   76
   79  -15   18  -67
  290    7    9   11
  290   46  -55   58
  285    5   10  -52
   35   34  -43  -55
  969   -7   66   77
  288  -16   25   35
  125   -5   61   80
  602    2   -4  -37
  602  -57   68  -73
  602  -92   94   99
  411   -1    3   39
  740   -9  -31  -41
  142   -4  -27  -42
  982  -18  -20  -43
   69   24   62  -63
  187   -5   36   63
  187   72  -84  -88
  934    1   57  -60
  587   47   58   69
  789   26  -40   44
  259    9  -16  -25
  865    9   65   66
  865  -82   86   88
  851   11   12  -27
  851  -30   57   94
  772   14  -29  -38
   68  -10   22  -23
  569  -14   16   17
  569  -19   21   22
  569  -24  -29   89
  994   -9   75  -81
   49  -18  -27   39
  285   -2  -52   60
  285   61   80   95
   42   13  -31   66
  331    5  -45   50
  496  -15  -23   51
  364   -3  -42   48
  364   70   84  -99
  464    3  -14   25
  216  -37  -42   89
  663    6  -20  -23
  663   33   59   91
  331    8   72   79
  331   88   90   95
  818  -26  -35   46
  818   47   54  -64
  175  -18   37  -42
  175   53  -70   75
  268  -12   53   57
  822  -26  -39   58
  126  -41   60   93
  417   38   48   62
  417  -68   71   89
  913  -27   47   76
  204    9   10  -15
  204  -29   37  -39
  976    1  -33   44
  272   16  -31  -36
  272  -40   53   58
  272  -71   75  -97
  237   18  -25  -93
   75    1   36  -46
   26   35   37   55
  850   10   60   63
  497  -46   49  -59
  664   33   34   65
   63   32   38   53
   63   68   75  -80
  115  -15  -32  -92
  858   -5   24   29
  858   38  -50  -91
  250   -1   12   14
  250  -35  -37   46
  317   -4   55   60
  745   13   40  -75
  389  -52  -62  -85
  574   18   21  -28
  574   34   86  -90
  372   37   51   52
  412   -3  -27  -31
  412   59   60  -67
  393   14   16   33
  393  -46   53  -54
  628   -9   25  -36
  628  -68  -74  -87
  649   -8   53   60
  891    3  -22  -42
  891   47  -54  -69
  865   -3    5   45
  865  -71  -85  -89
  970   56   63  -74
  195   33  -46  -73
  331    4    8  -14
  331  -38   85  -90
  877  -16   42  -52
  877   72   74   87
  602   67   80   83
  577  -15  -56  -79
  979   -4  -14  -25
  979   68   69  -75
  795   27   65   91
   16   27  -48   56
  194  -20  -39   52
  344   -7  -22  -25
  344  -46  -58   82
  669   24   56  -61
  669   68   95  -96
  645    4  -33   36
  645  -45  -48  -84
  645  -89   95   96
  256   27  -42   46
  665   -2   11  -12
  665  -15  -93   98
  243  -17   27   80
   36   14   26   50
   36  -51   68   69
   36   80   88  -96
   91   14  -20  -64
   91   68  -76   79
  312  -21  -25  -37
  999   61  -74   91
   90   26  -57  -66
  858    8  -70  -72
  811   34   35  -44
  618    4   28   45
  618   55   56  -59
  618  -69   84  -95
  595  -37   40  -46
  255    4  -42   58
  845   48  -55   64
  844   24  -28  -50
  844   53   59  -66
  844  -69   90  -98
  283   -2    5  -17
  283   30  -35  -51
  283   54  -57  -87
  799    1  -23  -32
  799   43  -44  -62
  556   -9   11   50
  824  -18  -44   99
  298  -37   52  -89
  834   11  -17  -59
  561    4   -8  -27
  561  -36   56  -70
  805   -4   12  -50
  805  -64   70   77
  335   11   21  -49
  335   65   80  -86
  804   28  -29  -51
  465  -41  -52  -57
  252   31  -44  -59
  457    5    7  -15
  457  -33   36  -46
  817    6  -43  -55
  817  -61   84   89
  403   46   86   91
  145    4  -24   38
  712   46  -47   59
  270   12   28   30
  270  -52   55   57
  393   35  -40   68
  393   79  -81  -85
  645  -13  -52   56
  335  -10   30  -40
  987  -29  -38   44
   33    1  -14   38
  207   48   61  -81
  743  -23  -52  -63
  743  -80   83  -98
  983    2  -41  -73
  546  -10  -21   32
  546  -74   94  -99
  688  -20   25  -38
  688   56  -66   70
  688   73  -75  -84
  753    3   59   64
  646    3    4   65
  287    1  -14  -31
  287  -68   78   96
  326   47   55   58
  708   10   29  -35
  708  -52  -54  -93
  501   38  -55  -60
  501   63   77  -88
  239    3  -28   46
  239   49   55  -71
   85  -33  -62  -88
  288    4  -18   53
  288  -55   88   99
  606    1   41   62
  281    2   43   58
  903   25  -42  -86
  943  -21  -25  -37
  429  -16   18  -19
  429   29  -33  -36
  429   40  -76   98
  802   39   63   66
  864   -2   78  -89
  373   -6   11   15
  373  -27   29   33
  197  -12   34   38
  194  -51  -70   87
   84  -31   80   90
  388   15   76   80
  177    6   12   15
  177   17  -31  -47
  622   -9  -14  -27
  367  -12  -54  -59
  194   -6  -29   91
  810   18   80  -82
  819   37   61  -71
  284   11   12  -27
   67  -23   70  -82
   67   86   88  -91
  451  -45   80   86
  696  -12  -16  -20
  482  -49  -59   70
  564    1   -6  -23
  564   30   35  -40
  564   50  -71   84
   87    4   15   24
  639    5   -8   14
  639  -20   40   87
  639  -89  -94   98
   49   41   58  -76
  223  -26  -46  -49
  626  -13  -43  -52
  117   31   42  -43
  117  -53  -56   59
  370  -26   41   63
  263   24  -34  -42
  263  -47  -79   92
  129  -17  -70  -72
  504  -25   29  -81
  677   21   26   85
  871  -33  -73   98
  207   -8   13   79
  133    3   45   79
  197   -3   25   26
  197  -38  -68  -80
   59   -8   22   25
   59   27   59   97
   68   11   31   34
   68   35  -67   69
  290    8   19  -65
  501  -24   27  -76
  128   16   18   20
  128   55  -64   67
  924   14   19  -61
  371   43  -52  -64
  740  -16   75   86
  465  -25   34   44
  211   -1    3    8
  211  -14   70   89
  329   11  -13  -46
  329  -66   77  -82
  486  -10   12   48
  119  -18  -40  -50
  932  -13  -36  -51
  267   -8   30   69
  752  -27  -29  -52
  644   33   71  -72
  170  -14   45   72
  170   81  -93  -97
  412   10   66  -69
  633   56   67   78
  265   35  -49   53
  731   18  -25  -34
   11    3   18   74
   11   75  -91   95
  794   -9   20   21
  794  -36  -39   66
   97    1   23  -38
   87  -19   31  -32
  570   -2  -23   25
  570   26  -28   30
  570   31  -33  -38
  381  -18   84  -90
  693    4  -27  -36
  693   48   59  -77
  505  -11  -61   69
  864   -4   22  -40
    9   14  -54   59
  987   -8  -24  -32
  450    8  -12  -51
  450   57   79   93
  276   12  -23   34
  596  -46  -51   98
  374    4   15  -29
  374  -32   42   68
  564    8   17   81
  564   88   97   99
  716   -4  -35  -44
  716   55   56   63
  984  -27   46  -51
  984   62  -79   84
  997    4  -21   62
  654    2  -35  -48
  505   47   57   71
  505  -77   80   98
  704  -36   56   85
  987   18   19  -24
  987  -38   46  -48
  648   -6   10  -42
  101   -2   25  -40
  101  -45  -49   62
  101   67  -80   84
  281   -3   27  -34
  106   -3   10   45
   91   44   46   64
  703    5   30  -61
  111   19   69   72
  776  -55   58  -68
  742   42   43   74
  525   -1   41   47
  525   62   77   84
  430    3  -24  -41
  929  -14   33   38
  929   47  -59 -100
  284  -10   21   23
  284  -44  -46   55
  731  -13   64   69
  599   22   49  -84
  299    1   -7   38
   33  -61  -71  -94
  545   27   30  -37
  545   43   95  -99
  753   46   60   61
  437    9  -12  -36
  437  -40   68   69
  437  -76  -81  -87
  226   23   25   42
  226  -55   62  -63
  613    8  -18   34
  613  -45  -77  -83
  669  -17   62   69
  849   -2   12  -31
  849  -51   56  -63
  849  -78  -82  -87
  600  -12   14   54
  600  -80  -94  -98
   92   65   72  -83
  608    6    7   42
  608  -55  -82  -85
  215   13   17  -23
  215  -47   94  -99
  449   -8  -25   51
  449  -61   81   83
  559   76   89   92
  413    5  -24  -65
  544  -13  -23  -34
  544   77   78  -84
  862   36   74  100
  162   -2   -9   36
  162  -57   65   87
  174   -6  -29  -48
  565    4   -5  -16
  565  -31  -34  -55
  565  -67   91   92
  440    4    5   33
  440   65  -70   77
  686   13  -42   45
  686  -54  -57  -93
  610   -2    7   36
  443  -11   20  -21
  705  -26   36   89
  294   -5  -12  -51
  640   23   35   59
  640  -60   77   78
  398    5   23  -29
  398  -73   77  -85
  116    8  -30  -34
  572    7   70  -83
  433   35  -66  -75
  124   17  -79  -81
  548   -4   43   44
  548  -53  -76  -82
  939   13   37   54
  939   64   65  -68
  785    7  -46   49
  601    4   13  -51
  886   57  -64   73
  739   -7  -24   42
  471   33  -37  -59
  471   62   68  -75
  911  -11   14  -26
  911   39  -44  -60
  911   63  -66  -96
  252   10  -32  -41
  252   52  -53  -71
  380  -18   20   59
  210    8   63   90
  661  -46   61  -98
   39   20  -26  -68
  922   13  -17  -36
  922  -45   65  -79
   64  -13   21  -59
   64  -73   79   86
  637   -7   20   45
  245   20   30  -58
  245   74   89  -95
  733   37  -38  -60
  693  -50  -61  -66
  834   40  -53  -68
  634   14   16  -24
  634  -42   45  -55
  636   15  -52  -64
  636  -70   93   98
  477   55   95  100
  511   13  -33   47
  711   55  -56   68
  359   21   37   39
  359  -61   64   66
  593   44  -49   77
  593   88  -90  -94
  710  -22  -61   65
  799   -7  -19   39
  803    2  -38  -47
  775   -6   10  -23
  577   -7   57   70
  293  -32  -61  -72
  744    3   -8   11
  614  -19  -30   41
  467  -29   34  -47
  467   65  -75   79
  467   82  -84  -93
   12   12   68   73
  374    5   12   13
  147   -7   10  -23
  147  -40  -77   87
  853   -2   56   64
  768   19   38  -44
  281   47  -64  -69
  281   72   86  -97
   60   12  -37   55
   60   58   64  -80
  614    8  -42  -71
  116   13  -27   62
  252    1   10   50
  298   11   52   67
  168    3   34  -51
  295    7  -30  -34
  942  -25   27  -28
  942   38  -42  -45
  802   -9   48   72
  802   75   78  -81
    1    6  -11   87
  290  -15   20   24
  290  -36   38   42
  170  -21   43   47
  226   -8  -60  -79
  658  -40   89   99
   59   24   85   89
  236   -4   15   21
  236   24   26  -40
  774  -18  -23  -36
  477    5   -8  -21
  477  -63  -68  -75
  838  -15  -38  100
   83   27   89  -91
  164   46   70  -80
  407   20   21  -36
  113    8   88  -97
  255  -32   79  -91
  255   95   97 -100
  189  -54   89   95
  572  -21  -25  -29
  408  -58  -68   79
  318   10  -15  -32
  318   39   44  -49
  318   59  -80   93
    1   -3    7   13
    1   24   33   76
  125    2   14  -17
  125   23  -29   49
  775   50   67  -85
  439  -35  -55  -58
  650  -22  -52  -61
   23   40   51  -52
   23  -62  -65   68
  868    1  -35   50
  868   72  -95  -99
  370    5   33  -43
  370  -51  -56  -88
  703  -26  -79  -81
  982  -34   38  -90
   85    7   30   35
   43   -2  -17   22
   98   12   54   88
  653    6  -12   34
  653   35  -47  -77
  232    2  -17   31
  232   34   36   68
  686   20   40   43
  686   44  -76   78
  218   -8   30 -100
  368   17   28  -74
  588   -1  -33   36
  579    6   25   27
  579   29   64  -73
  579   76   96   97
  716   23   28  -70
   39   -1  -14  -24
  560   52  -61  -73
  234  -25   84   95
  322  -34   43   53
  535  -10   12   17
  535  -23   79   98
  388   20  -22  -55
  388  -75   86  -91
  373    2    4  -19
  415  -27  -49  -59
  193  -22  -45  -60
  109   -4  -17   39
  267    5  -36  -38
  267  -61   63  -64
  251   -2   -6   42
  251   80  -81  -95
  842  -23   54   81
  462   19   75  -78
  955   65   76   87
  252   44  -58   62
  224    4    6   27
  224  -34  -43  -60
  288   12   27   83
  421  -18   29   30
  421  -45  -48   75
   63    7   10   32
   63  -47  -56  -93
  469    7  -28   40
  325  -11  -32   34
  325   35  -37   39
  325   40  -42  -47
  630    6  -27   93
  672   13  -36  -45
  672   57   68  -86
  894  -20  -70   78
  506  -13   31  -49
  672    6   23  -63
  406    2  -17  -33
  402   17  -21  -60
  625    7   21  -32
  625   43  -82  -89
  318    9  -55  -60
  170    6    8   13
  170   24  -38  -41
  401   -9   17   26
  297  -13  -44  -53
  297   64   65   72
  668   -4  -36   55
  668  -60   71  -88
  574   13  -30   71
  109   11  -44  -57
  709    7   -9  -59
  713   56   66   80
  559   -7  -45   65
  618   27   28  -33
  618  -47   55  -57
  645  -15   19  -51
  908  -11   34  -49
  908  -54  -58   71
  908   76  -89   93
  298  -12   36  -43
  643    9  -12   19
  643   54  -64  -75
  897   53   55   73
  334   -8   14   39
  511   28   78   81
  519  -64   67  -77
  920   51   52   83
  903  -10   50   56
  903   71   86   93
  229   -9   12  -33
  956  -23   42   47
  356  -19   30   32
  356  -53  -55   64
  431  -22   73   78
  303    3   31   58
  383   -3   10  -16
  166    4   -8  -70
  409   -5   36   39
  706   55   69   70
  353   -9   18  -21
  353  -45  -49   77
  353   78  -85  -90
  959   -5   32   34
  959   51  -64   71
  989   17  -27   43
  989  -54  -86  -92
  901  -26   71   78
  807   -3   -7  -11
  807   21  -40  -60
  807   65  -72  -87
  244  -21   23   63
  715    7   74   81
  442    3   -8   15
  442   16   51  -64
  972    5    6   22
  972   26  -32  -56
  644    1    3  -17
  644  -34   60  -70
  466   -3   85   98
  322   14  -33  -74
  849    9  -22  -32
  849  -43   86   87
  626    2   45   83
  742  -11  -18   45
  742  -66   74   96
  835    2  -15  -38
  452   13  -14  -25
  452  -40  -43  -64
  644   -2   -7   13
  644   14   42   74
  111   22  -51   54
  748  -11   16   45
  329  -20   29  -30
  852  -35   45   98
  302    6  -14  -21
  946   32   44   68
  946  -69   86   87
  675   14   32  -38
  675  -82   86  -94
  765   17  -39  -43
  411   16   79  -92
   83   44  -75  -84
  404   26  -88  -90
  180    2  -13   52
  180   53  -62  -85
  851   22   46   63
  851   73   74  -77
   74   16  -55   58
  902   13   22  -60
  403   66  -73   82
  976    8  -16  -33
  884   -5   42  -46
  884  -68   71   77
  346  -20   23  -35
  346   48  -53  -69
  781    7   19  -41
  781  -50   61  -62
  337  -27   29   68
  337   17   72   99
  876   -7  -36  -62
   10   29  -35  -77
  712   22  -26  -45
  712  -54   74  -88
  680  -22   30  -68
  680  -82   88   95
  962  -16   29   54
  300   -4  -14   21
  564   29   39  -67
  658   46  -47  -69
  741   -8  -59  -70
  103   49  -62  -77
  675    2    7   23
  675   25  -33  -51
  675   54  -64   79
  848    4    9   24
  848  -61  -73  -79
  882   22  -42   56
  497   64  -65   77
   95   -3   30   46
   95   48  -70   73
  464    4   53  -58
  464   86   97  -99
  842  -31  -70   74
  952  -16  -28   48
  606   11  -47  -56
  398   -8  -15   19
  398  -32   56   58
  142    1  -16   66
  549  -41  -70  -81
  599   12  -17   20
  856   -2  -28  -39
  851  -38   43  -56
  851   74  -84   88
  228   21   77   82
  169   14   21   22
  958  -16   19  -32
  958  -49  -86   96
  913  -11   65   73
  287   -6   28   47
  287  -53  -70  -72
  458   56  -73  -78
  716   -6   21  -46
  716   64   67   73
  526    6   17  -51
  970   22  -36   71
  855   10   19   59
  180   20   61   76
  414   -9   75  -78
  283   12   43  -60
  701   16  -39  -43
   38  -34   36  -37
   38   47  -51  -54
   63   -7  -18   57
   63   81   84   87
  865   15  -20   96
  602  -24   29   33
  602  -45   47   51
  223    5  -30   52
  223   56   68  -85
  577    8  -17  -69
  220   -1  -49   98
  640   33   94   98
  600  -13   24   30
  600   33   35  -49
  659   -3  -27  -32
  993    9   14  -17
  993  -30  -72  -77
  307   -3  -24  -47
  895   36   98 -100
  556   55   79  -89
  782   29   30  -45
  976   -6   27   43
   63    4    6   -9
  587    4  -41   88
  814  -30  -34  -38
   52    2  -67  -77
  997   19  -24  -41
  997   48   53  -58
  625    5   -7  -12
  625   16   22   33
  466   -7   11   23
  466  -26   32  -38
  930   59   76  -94
   86  -44  -64  -67
  727  -31  -61  -70
  961   -4   -8   49
  961   60  -61  -71
  961  -74   77  -85
  717   10  -44   59
  335   14   42  -52
  335  -60  -65  -97
  253  -35  -88  -90
  899   -2  -27   40
  430    3  -43   47
  493   16   39   44
  145  -11  -26   31
  194   21   63   97
  706   15  -21   43
  706   44  -56  -86
  249   -7   11  -26
  249   40   43   45
   25   -9   29   49
   25   52   53  -85
  853    3  -17   39
  622   26   37  -83
  141  -10  -42   45
  478    5    6   58
  359   15   34   36
  359   38   73  -82
  194   32   37  -79
  731  -10  -23  -33
  526    4   61  -70
  261    7    8  -43
  261   52   62  -92
  747  -19   21   26
  748   29  -31  -64
  748  -84   95 -100
  314   11   13  -28
  157  -36  -58  -68
  892  -31  -54  -69
   51  -13  -26   48
  115   -4   14  -45
  115  -47  -70   72
  478  -11  -15   51
  742  -32   63   90
  781   28   84  -87
  269   74   85   96
  320   53  -67   71
  799   -9   13   15
  799   36  -43  -52
  565   21   36   92
  493   -2  -27   38
  493   39  -54  -57
  241   16   19   41
  700   16  -37   49
  457    2   -8  -20
  457  -41   43   44
  457  -46   48   49
  584    7   22  -45
  584  -54   66   77
  208  -29  -79   87
  309  -22   40  -58
  767   15   32  -72
  970   11  -26  -42
  574   26  -30  -69
  717   16   30  -41
  717   52  -91  -98
  379   18  -64  -69
   47    6   15   17
   47   22   33  -47
   47  -50   60   86
  802  -18   26   35
  427    2  -22  -53
  427  -62   73   74
   30  -13  -45   64
   30  -69   80  -97
  435   22  -39   80
  806   20  -53  -66
  743   16  -18  -68
  693    3   65   75
  693   89  -95   98
  460  -16  -54   74
  661   36   37  -42
  661  -56   64  -66
   84    2  -24   28
  370  -20   43  -58
  370  -63  -67   80
  376  -21   45  -52
  576   18  -21   28
  576   63  -73  -84
  174   62   64   82
  203  -17   23   48
  674   37   87   90
  721  -73   76  -86
  804    2   -7   60
  952  -19   59   65
  699  -18   21  -42
  489  -32   51   56
  461   -2  -28   39
  461   41  -62  -64
  461   73  -79  -83
  459   -2  -31   82
  377   12   40   67
  795  -12   19  -25
  627   13  -17  -79
  365  -14   45   48
