  100     1150
  3  217   12   32  -44
  3  214  -20   -4   28
  3   66   -3  -43    5
  3  135   14   38   17
  3  145  -22  -39   29
  3  159   38  -47  -12
  3  126  -23   27  -39
  3  176   -4   -7   20
  3  201   32    1  -24
  3  138  -22  -28  -45
  3  220   -7  -46    9
  3  178  -50   32   -5
  3  146  -20   41   -1
  3  244   43    2   -8
  3  108   38  -49    4
  3  236   31  -24  -16
  3  170   -4   44   47
  3  131  -16    3   45
  3   62   47  -27   -9
  3  180   -8  -44    5
  3  210   31   29  -50
  3   68  -40  -42   38
  3  187  -24  -22   27
  3  188   43  -19   21
  3   89  -14  -18   21
  3  164  -16   25   45
  3   91   20    3  -23
  3   71  -42    5  -39
  3  222   -2   28   16
  3   81   27  -23  -20
  3  237    7   31  -24
  3   56  -49   41   13
  3  228   12   21   17
  3  171   27  -10  -40
  3  167   30    7   27
  3  206   40  -28   12
  3  123  -45  -11   46
  3  141  -42   15  -27
  3  221   21  -49    5
  3  216   -9   18   -6
  3   52    9    3   14
  3  111  -45   44   24
  3   51  -20  -46   36
  3   81  -13  -24   25
  3  145   50  -43   34
  3   91  -44   43   -9
  3  134  -30  -48   32
  3  142   17   30   48
  3  139   32   12   17
  3  227   43   39   18
  3  209  -21  -25   48
  3  143   29   20   38
  3   87   37  -42  -40
  3  156  -29  -48  -49
  3  193    3   25  -48
  3  211  -27  -45   38
  3  203   35   31   14
  3  128   48  -41   32
  3  189  -30   25  -37
  3   51  -38  -29   23
  3  206   25  -26   11
  3  174  -30   17   -6
  3  174  -47    3   35
  3  145  -37  -46  -26
  3  184   20  -13  -42
  3  179  -37   15   25
  3  171  -33   46   12
  3  124  -29   48  -41
  3  209  -16   -1  -22
  3   97   49    4  -13
  3  122  -21    5   50
  3  227   50  -13  -18
  3  138   46   13  -29
  3  111  -38  -32  -18
  3  119  -18   21  -22
  3  197  -21   -3   46
  3  155   33  -20   -3
  3   77   34  -40  -23
  3  186  -28   17  -13
  3  205  -42  -24  -31
  3  159  -13  -28   35
  3  198   31   48   45
  3  244  -38   28  -41
  3  114   19  -17   22
  3  125  -16  -23  -24
  3   57   22  -17   48
  3  126  -20  -39   30
  3  140  -38  -11  -31
  3  163  -25  -17  -37
  3   62  -50   20    7
  3  107  -34   31  -25
  3  115   49    1  -31
  3  227  -28   47   36
  3  163   11    4  -27
  3  129  -27   -6   17
  3   65    1   13   39
  3  248  -30  -17  -49
  3  144   37  -12   14
  3  169   23   24   18
  3   59  -15    6  -46
  3   58   19   14  -16
  3  179   33  -28   34
  3  108  -26   21   18
  3  117  -31   50  -45
  3   82  -24   11    4
  3   86  -39  -16  -38
  3   88   -2   48   36
  3  224   14   34  -49
  3  222  -44   49  -32
  3  202   -6  -47  -19
  3  191   46   17  -13
  3  157   27    6  -26
  3  130  -48  -22   19
  3  116   48   44  -13
  3  215   20  -27    8
  3  199  -50   17   40
  3  229   42  -43  -34
  3  137  -19   30  -47
  3  209  -34   17  -45
  3  239  -44  -16   41
  3  165   -6   45   31
  3   67   12   15   -6
  3  135   46  -45  -50
  3  170  -45  -44    8
  3  143  -13  -22  -19
  3  110  -31  -16  -45
  3  151   14   21   -2
  3  207    6  -25   26
  3  227   30  -35   20
  3  102   10  -34    4
  3  178   18    8   23
  3   96   19  -28   47
  3  157   43   45   47
  3  246    6    4  -29
  3  214   27  -43  -24
  3   92   33  -43  -44
  3  171   21   25   26
  3  143  -21  -37   -2
  3  225    4  -28   34
  3   88   -8   13  -16
  3   88  -42   12  -39
  3   99    8  -10  -17
  3  232   14  -41   47
  3  105  -16  -22  -41
  3  106  -34   25  -42
  3  236   44   -3   35
  3  207   19   12   13
  3   95   20   10  -29
  3  182   20  -50    7
  3   78  -48  -50  -24
  3   71   37  -13    2
  3  160   15  -33   35
  3   86    4   21   49
  3   54   10   18  -25
  3  248  -35  -22   21
  3  249  -14   20   47
  3  140  -47   40   24
  3  109   11  -41  -13
  3   86   32    2   40
  3  121   37  -27   30
  3  113  -17  -14   18
  3   50   32   11   28
  3  184  -30  -23   19
  3  187  -19   45   39
  3   86  -22   37   16
  3  205  -23  -20  -40
  3  226  -22  -25    7
  3  228   26   -3   10
  3  188  -32   43   36
  3  148   35   34   13
  3  202  -16   26   34
  3  198   10  -43   28
  3  221  -37   11   -3
  3  126  -11   34   -2
  3  245    8  -41   -6
  3  112  -49  -11   50
  3  228    6    2  -49
  3  168   46    5   12
  3  195  -10    2   16
  3  210   -2   21   37
  3  237  -32   47   25
  3   85  -25   45   -2
  3  118  -31   12   28
  3   85  -18   25   49
  3  136  -17   37   49
  3  202  -33   27   15
  3  202  -14  -24  -19
  3   63   12    9  -40
  3  215   12   40  -34
  3  145  -12   24  -48
  3  181  -30   20    6
  3   85   -3   24  -41
  3   85   -5   32   17
  3  229   11  -44   -2
  3   65    1  -31  -12
  3  232    2  -10  -11
  3  150   29   -4  -25
  3  138  -36   -5   33
  3   71    1    3  -12
  3  115  -30  -19    5
  3  151   13   34  -29
  3   63  -18  -14   43
  3  142   29  -31  -15
  3   56  -38  -27   22
  3  239   36    5  -47
  3  226  -25   46   32
  3  216  -27  -39  -26
  3   84   34  -38   -4
  3   98   28   -4  -27
  3  188  -27   46  -42
  3   85  -47  -37   -3
  3   86   18   25   45
  3  137   29   19  -47
  3   52  -13   41   18
  3   82   33   17  -24
  3  110  -44   29   16
  3  244  -38  -46  -37
  3   92   22  -42   25
  3   84   -5   41    1
  3  129  -10   42   48
  3   57   -3  -12  -35
  3  125   16  -10   26
  3  176   34   20   37
  3  108  -33   20   30
  3  144   23   44   17
  3  192   28  -44    6
  3  148   44    3  -22
  3  229  -31   -8  -50
  3  126  -34   47   14
  3  201   -6  -20  -27
  3  221  -31   19  -11
  3   50   30    4   34
  3  161  -11   27  -14
  3  215   43   33  -18
  3  206  -27   47  -41
  3  209   43   34   41
  3  112   13  -28  -40
  3   55   31  -43  -19
  3  215  -33    6   12
  3   53  -45    5   15
  3  245   43  -20   25
  3  173   47   23   14
  3   56   26  -47   21
  3  158   34   49    2
  3  223   38   -2  -25
  3  129  -10   34  -49
  3  143   44  -32   -7
  3   81  -11   38   49
  3  167   17   43  -35
  3  172    9  -23   22
  3  109   15  -34   -3
  3  229  -10  -32   25
  3  250  -29   18   -5
  3  225  -47   31   29
  3   61   -8   44   26
  3  130   17   12  -33
  3   68  -45  -44   -7
  3  223   -6  -39  -34
  3  152  -34  -43   48
  3  249  -48    5  -47
  3   52   -8   -6   15
  3  174    6  -41   37
  3  130  -11  -44    8
  3  104   25  -23  -40
  3   78    9  -29   35
  3  122   -3   49  -39
  3   90  -30  -40   26
  3  104    4   11  -21
  3  152  -25   -2   -8
  3   73   33  -29  -13
  3  246   -3  -30   -2
  3   75  -45   11   34
  3   59   16  -41   23
  3   93  -21  -48  -18
  3  230   -2   24   25
  3  235  -31   43   -2
  3  120   -1  -21   41
  3  149    8  -27  -49
  3  109   14  -21  -47
  3  151  -42  -12   41
  3  226   22    1   -5
  3   51  -34    1   -4
  3  169   -7  -45  -33
  3  159    6   40    5
  3  108   29  -27  -38
  3  144  -12   44   18
  3  163   -2   49  -33
  3   75   -5  -29   35
  3  214   -5  -33   20
  3  226   -4  -26   33
  3  168   -5  -47   24
  3  242   -6   45  -26
  3  129   48   35   41
  3   56  -34   -2  -31
  3  114  -43   36   -4
  3  169  -18   43  -31
  3  180   14   -1  -11
  3  195   26    6   35
  3   81   33   24    4
  3   89  -49   23    7
  4  114   -5   64   78   79
  3  335  -27   62   68
  3  193   -2   29  -53
  6  995  -31  -41   52   53  -94  -98
  7  687   -5   12   17  -22   32  -53   66
  4  200    6   49   83  -88
  8   94   -2   22   69  -71  -76   80   86   97
  8  153   23   40  -58  -71   75   87  -90   96
  4  709   -8  -28  -31  -47
  3   17  -25  -34  -54
  9  945   13   24  -25  -35  -38   41  -49  -51  -95
  5  940   -8   23   45  -68  -72
  6  475    6  -16  -24  -29  -61   74
  3  505  -52  -54   78
  2  695    4  -99
  5  582   -7   11  -63  -66  -91
  3    5    3    8   67
  3  518  -15  -55   80
  5  610   27   61  -75  -90   95
  6  471    7    8  -20  -50  -62   79
  6  631    4    7    9   41   79  -85
  8  320   13   16   17  -49   51  -71   75  -90
  3  283    3  -73   93
  4  785    1  -47   67  -81
  4  907   -6    9  -58   90
  2  297   22  -74
  6  613    2   37  -46   49   69   70
  5  774    1  -43   79   98  100
  6  243   25  -34  -46  -74  -87  -97
  2  162   57   68
  6  535   -7   16   26  -56   62  -98
  3  233   52   71   72
  8  571  -28  -48   59  -64  -83   85   90  -96
  3  467   30   93  -95
  6  845  -22  -32   75   77  -92   94
  3  570  -18  -33 -100
  3   46   12   51  -95
  2  588  -77  -90
  5   86   -9  -11  -34   36  -37
  5  807   15   53  -54  -68   78
  5  747   27   54   63  -75  -79
  3  560   48  -51  -96
  5   31   38   49   60   63   92
  5  829   17  -31   35  -46  -51
  4  667   -7  -16  -33  -38
  6  262   56   57  -73   77   79  100
  7    6    2    3  -18  -21   48   85  100
  5  810    5  -20  -29  -66  -91
  5  964   -1   13  -14   80   83
  9  516   -5    7    8  -10   12   13  -15  -20   80
  3  357   66  -72  -84
  3   55  -58   79 -100
  5  335   -9  -18   30   41  -59
  5  122  -43   51   52   71   86
  4  904    4  -22   57  -93
  4  111  -36   41   58  -86
  5  180   -6  -14   42   79   96
  5   96  -33   39   61   75  -90
  2   97   90  -94
  4  430   -5   16  -55  -62
  4  240  -28  -33   80   94
  5  687  -11  -14   24   50   82
  6  347   63   70   79   81   86   97
  9  214  -17  -26   37   38   45  -55  -82   90   99
  7  357   -9   28  -33   44  -61   66  -86
  4  199   -3   44   48  -77
  5  284  -17  -30   49  -61   86
  3  973  -32   51   84
  7  296   29   39   53  -59   62   80  -82
  3  325  -18   38   67
  6  417    1   -6  -20   28  -30  -80
  2  765   12  100
  2  364   42   84
  2  624  -24   35
 10  327    7  -22  -27  -31   44   49  -62   66  -88   92
  3  838    9  -16  -84
  4  529   27  -37  -48  -85
  6  726   26   28   46   82  -85   92
  2  613   12  -43
  5  998    1   51   54  -81   87
  3  499  -37   40  -50
  3  777   24   25   56
  6  296   23   29   44   59   66  -71
  3  620   -6  -23  -83
  6  594   15   20   29  -41  -82   85
  8  353    3    5  -26  -28   37  -43  -47  -96
  4  356   46   51  -66  -92
  4  965    4   31  -66  -95
  2  627   20   76
  5  387  -43  -53  -76   83  -89
  6  851    9   12  -19   25   77  -81
  4  201   28   42   43  -78
  7  468  -18  -22   50   51  -58  -63  -69
  9  413    5    7   24  -37   44  -45  -82   91  -94
  5  259   16  -27  -59  -65  -78
  5  868   44   51  -52   90 -100
  8  221  -13  -33   38  -45  -60  -64  -69  -99
  6  715   36  -62  -76  -80  -84   94
  5  933   47   54  -65  -94   96
  5  962   24  -37  -64  -67   80
  6  611   -5  -29   76  -81   88   89
  9  158   -7   33  -43   63   65   78   79   95   99
  5  628   58   71   74   76  -90
  4  659   -6  -47  -70  -76
  6  548   -5  -16   59   60  -66   87
  4  371   18   56   82  -95
  5  349   18  -39   47   69   75
  5  547  -11  -30   43  -84  -91
  2  992   75  -88
  7  131  -13  -16  -37  -49   73   74  -85
  7  361   15   47  -52   59   86  -87  -98
  8  765  -24   27  -36  -39  -75  -80   86   87
  4  194   18  -33   37   95
  5   11    2   -3   -6  -84   89
  4  934   -8   18   71  -93
 10  538    5   17   41  -42   59   60   71   79  -87  -94
  7  391    5  -11  -55   59  -67   70  -71
  5  122  -12  -16  -28  -71   87
  2  406    6   90
  3  492   52  -65   82
  4  482   17  -48  -57   89
  3   75  -61  -63   69
  6  896   25   26  -35  -58  -64   99
  8  596   19   36   46   47  -50  -60   75  -86
  5  626  -28   31  -37   40   95
  3 1000  -33   49   89
  6  209   39  -46   55  -62   86   95
  2  158   -6   24
  9   77   15  -19  -41   44   50  -57  -60   81  -89
  7  993   -8   21  -26  -42   45  -48  -78
  7  366  -14  -23   34  -35  -53  -93   96
  4  498    2   41   80   92
  3  617   45   72 -100
  3  160   -9  -35   90
  3  356  -28   43  -80
  3  229    2   -8  -50
  5  579  -18  -27   47  -61  -73
  7   59    3  -41  -55   61   68   95  -99
  3  976    2   27  -95
  8  274    2   12  -40   56   71  -77  -87   94
  4  915   19  -20  -42   66
  3  339  -32  -43  -48
  2   14  -26  -81
  3   70   22  -35  -50
  6  360   -6  -24   27  -37   52   70
  7  417  -34  -46  -52   75   80   96   98
  4  481   37   77   82   97
  4  209  -15   29  -31  -51
  4  382   37  -38   50   95
  7  417    3   19   21  -43   46   48  -69
  6  707   26  -31   59   70  -72  -76
  5  650   -4  -43   47  -64   77
  4  444   -1   21  -31  -69
  4  644  -20  -29   35  -89
  4  732   -5   29   31   84
  6  302   39   52  -72  -81  -88   92
  6  410  -14  -43  -54  -71   74  -89
  2  162  -32  -64
  7  809   -1  -12   23  -65   85  -90   93
  9  512  -11   16  -29   47  -57   61   64  -66  -75
  3  523   50   55   62
  2   64   56   94
  7  216   -5  -22  -59   69   87   94   95
  6  794   38   46   49   56  -89   92
  6  328    1   20  -26  -43  -45  -84
  6  747   29  -46  -51   54   68  -79
  5  729  -19   37   40   46  -62
  4  821  -24  -53  -79   94
  5  379   -9   44  -46   79   90
  4  930   32   53   54   95
  5   35   34   49   61   83   92
  3  946   48  -51   93
  4  973   16  -33  -77  -81
  4  772  -12  -16  -28   85
  9  234   -7    9  -10   20  -24  -27   31  -67   89
  5  904   30   54   57   60  -63
  3  742   69  -80  -91
  8  665    2    6  -18   20   24   70   88  -93
  6  139   -3   25   29   41  -58  -97
  3  423  -42  -61   78
  4  869  -22   71   81  -90
  4  498    6   67   71  -74
  5  848    3    6    8  -22  -38
  5   20   -5  -18   71  -86   97
  6   87   -3  -45  -50  -57  -76 -100
  4  279  -20   82   87  -90
  5  619    9   71  -73  -76  -97
  3  818   28   52  -62
  5  161    2    3  -18   56   64
  3   17   70  -79  100
  7  300  -14   61  -73   77   79  -82   90
  3  593  -36   71   77
  5  910   -3   -7  -11   38  -62
  4  418  -40  -50   61   62
  7  510  -14   21   26  -31   41  -62   75
  5  607    6   15   58   92  -97
  8  163    5  -11   31   78  -80  -85   89   95
  7   82   32   49  -67  -80   84   96  -99
  4  626  -17  -37  -40  -56
  4  120   -4  -34  -43  -63
  8  536   22   33  -34  -44  -47   50  -58  -60
  5  498  -17   32   54  -77  -81
  6  273   15  -25  -33  -38  -70   83
  4  979   -8  -61  -63   87
  5  662  -16   20  -72  -75 -100
  3  665   12   17   76
  3  488  -24  -64   89
  2  875    4   70
  4  265   36   70  -84  -99
  6  105   16   17  -29  -59  -71   88
  6   70   13   16   18   50   88  -94
  9  621    2   22   25   26  -58   60  -80   84  -99
  2  879   12  -82
  4  604   10  -56   76  -90
  4   79  -15   18  -67   99
  2  147   31  -83
  8  290    7    9   11   46  -55   58   78   79
  4  285    5   10  -52   88
  5   35   34  -43  -55  -83  -96
  3  969   -7   66   77
  5  288  -16   25   35  -65   71
  4  125   -5   61   80   81
  9  602    2   -4  -37  -57   68  -73  -92   94   99
  3  411   -1    3   39
  5  740   -9  -31  -41   84   86
  3  142   -4  -27  -42
  2   16   21   60
  2  945  -86  -99
  5  982  -18  -20  -43   45  -46
  5   69   24   62  -63  -77   87
  6  187   -5   36   63   72  -84  -88
  3  934    1   57  -60
  4  587   47   58   69   72
  5  789   26  -40   44  -55  -60
  5  259    9  -16  -25  -42  -47
  6  865    9   65   66  -82   86   88
  6  851   11   12  -27  -30   57   94
  5  772   14  -29  -38  -75 -100
  5   68  -10   22  -23   89   92
  9  569  -14   16   17  -19   21   22  -24  -29   89
  4  994   -9   75  -81  -93
  2  342  -67   88
  5   49  -18  -27   39   50  -68
  6  285   -2  -52   60   61   80   95
  3   42   13  -31   66
  5  331    5  -45   50   67  -95
  4  496  -15  -23   51   88
  6  364   -3  -42   48   70   84  -99
  5  464    3  -14   25  -64  -71
  3  216  -37  -42   89
  6  663    6  -20  -23   33   59   91
  6  331    8   72   79   88   90   95
  8  818  -26  -35   46   47   54  -64  -91   99
  7  175  -18   37  -42   53  -70   75  -95
  4  268  -12   53   57  -86
  5  822  -26  -39   58  -70   95
  3  126  -41   60   93
  7  417   38   48   62  -68   71   89  -91
  3  913  -27   47   76
  7  204    9   10  -15  -29   37  -39  -89
  2  274   51   93
  3  976    1  -33   44
  9  272   16  -31  -36  -40   53   58  -71   75  -97
  3  237   18  -25  -93
  5   75    1   36  -46  -57  -94
  5   26   35   37   55   91  -94
  2  302   21  -52
  5  850   10   60   63  -90   96
  3  497  -46   49  -59
  3  664   33   34   65
  6   63   32   38   53   68   75  -80
  3  115  -15  -32  -92
  7  858   -5   24   29   38  -50  -91   94
  8  250   -1   12   14  -35  -37   46  -52  -56
  4  317   -4   55   60  -75
  3  745   13   40  -75
  2  549   29   85
  5  389  -52  -62  -85   92  -98
  6  574   18   21  -28   34   86  -90
  4  372   37   51   52  -87
  8  412   -3  -27  -31   59   60  -67  -72  -78
  8  393   14   16   33  -46   53  -54  -91  100
  6  628   -9   25  -36  -68  -74  -87
  5  649   -8   53   60  -61   99
  8  891    3  -22  -42   47  -54  -69  -73  -78
  7  865   -3    5   45  -71  -85  -89  -93
  3  970   56   63  -74
  5  195   33  -46  -73  -76   89
  8  331    4    8  -14  -38   85  -90   97   98
  7  877  -16   42  -52   72   74   87   88
  5  602   67   80   83   85  -99
  4  577  -15  -56  -79  -85
  7  979   -4  -14  -25   68   69  -75   96
  3  795   27   65   91
  5   16   27  -48   56   78   84
  5  194  -20  -39   52  -93 -100
  2   94   84  -97
  8  344   -7  -22  -25  -46  -58   82   83  -94
  6  669   24   56  -61   68   95  -96
  9  645    4  -33   36  -45  -48  -84  -89   95   96
  3  256   27  -42   46
  6  665   -2   11  -12  -15  -93   98
  3  243  -17   27   80
  2  709   -3  -42
  9   36   14   26   50  -51   68   69   80   88  -96
  7   91   14  -20  -64   68  -76   79  -80
  5  312  -21  -25  -37  -80   96
  2  347   15   99
  3  999   61  -74   91
  4   90   26  -57  -66   98
  4  858    8  -70  -72   78
  5  811   34   35  -44  -67  -73
  9  618    4   28   45   55   56  -59  -69   84  -95
  4  595  -37   40  -46   49
  4  255    4  -42   58   98
  5  845   48  -55   64  -71   95
  2  364  -15   33
  9  844   24  -28  -50   53   59  -66  -69   90  -98
  9  283   -2    5  -17   30  -35  -51   54  -57  -87
  6  799    1  -23  -32   43  -44  -62
  4  556   -9   11   50   89
  2  219   54   81
  3  824  -18  -44   99
  3  298  -37   52  -89
  3  834   11  -17  -59
  7  561    4   -8  -27  -36   56  -70  -82
  6  805   -4   12  -50  -64   70   77
  2  752   11   36
  2   87    3  -98
  7  335   11   21  -49   65   80  -86  -96
  4  804   28  -29  -51   75
  3  465  -41  -52  -57
  2  147  -35  -90
  3  252   31  -44  -59
  8  457    5    7  -15  -33   36  -46   61   79
  6  817    6  -43  -55  -61   84   89
  3  403   46   86   91
  5  145    4  -24   38  -40  -60
  3  712   46  -47   59
  7  270   12   28   30  -52   55   57  -78
  6  393   35  -40   68   79  -81  -85
  5  645  -13  -52   56  -73   86
  4  335  -10   30  -40  -78
  4  987  -29  -38   44  -98
  5   33    1  -14   38   40   93
  5  207   48   61  -81  -90  -97
  6  743  -23  -52  -63  -80   83  -98
  3  983    2  -41  -73
  6  546  -10  -21   32  -74   94  -99
  9  688  -20   25  -38   56  -66   70   73  -75  -84
  4  753    3   59   64   71
  3  646    3    4   65
  6  287    1  -14  -31  -68   78   96
  5  326   47   55   58   65  -98
  6  708   10   29  -35  -52  -54  -93
  6  501   38  -55  -60   63   77  -88
  6  239    3  -28   46   49   55  -71
  3   85  -33  -62  -88
  6  288    4  -18   53  -55   88   99
  4  606    1   41   62   63
  5  281    2   43   58   70   92
  2  669   57  -60
  4  903   25  -42  -86  -90
  4  943  -21  -25  -37   94
  9  429  -16   18  -19   29  -33  -36   40  -76   98
  5  802   39   63   66   69  -72
  4  864   -2   78  -89 -100
  8  373   -6   11   15  -27   29   33   79   97
  5  197  -12   34   38   50  -67
  3  194  -51  -70   87
  4   84  -31   80   90  -99
  4  388   15   76   80  -83
  6  177    6   12   15   17  -31  -47
  5  622   -9  -14  -27   80  -95
  5  367  -12  -54  -59  -66  -85
  5  194   -6  -29   91   96  -99
  4  810   18   80  -82  -85
  3  819   37   61  -71
  5  284   11   12  -27   65   73
  2  477    9   25
  2  911   79  -88
  7   67  -23   70  -82   86   88  -91   99
  3  451  -45   80   86
  5  696  -12  -16  -20   47  -71
  4  482  -49  -59   70   71
  9  564    1   -6  -23   30   35  -40   50  -71   84
  4   87    4   15   24   67
  9  639    5   -8   14  -20   40   87  -89  -94   98
  5   49   41   58  -76  -89   93
  4  223  -26  -46  -49  -65
  4  626  -13  -43  -52  -72
  8  117   31   42  -43  -53  -56   59  -67  -69
  5  370  -26   41   63  -86  -90
  6  263   24  -34  -42  -47  -79   92
  4  129  -17  -70  -72   96
  2  693   -9   22
  4  504  -25   29  -81  -84
  3  677   21   26   85
  3  871  -33  -73   98
  3  207   -8   13   79
  4  133    3   45   79  -93
  7  197   -3   25   26  -38  -68  -80   97
  6   59   -8   22   25   27   59   97
  8   68   11   31   34   35  -67   69  -89   93
  2   87   21  -91
  5  290    8   19  -65   85  -99
  3  501  -24   27  -76
  2  988   40  -92
  8  128   16   18   20   55  -64   67   87   88
  4  924   14   19  -61   97
  2  841   -5  -15
  4  371   43  -52  -64  -92
  3  740  -16   75   86
  5  465  -25   34   44  -74   80
  7  211   -1    3    8  -14   70   89   90
  6  329   11  -13  -46  -66   77  -82
  3  486  -10   12   48
  5  119  -18  -40  -50   93   95
  3  932  -13  -36  -51
  3  267   -8   30   69
  5  752  -27  -29  -52   54  -55
  5  644   33   71  -72  -86   96
  6  170  -14   45   72   81  -93  -97
  3  412   10   66  -69
  4  633   56   67   78   81
  5  265   35  -49   53  -64  -69
  5  731   18  -25  -34  -51  -56
  7   11    3   18   74   75  -91   95   97
  6  794   -9   20   21  -36  -39   66
  5   97    1   23  -38  -47  -84
  4   87  -19   31  -32   98
 10  570   -2  -23   25   26  -28   30   31  -33  -38   98
  3  381  -18   84  -90
  2  394  -76   97
  6  693    4  -27  -36   48   59  -77
  5  505  -11  -61   69   70   89
  4  864   -4   22  -40   75
  4    9   14  -54   59   76
  5  987   -8  -24  -32   60   97
  6  450    8  -12  -51   57   79   93
  5  276   12  -23   34  -73  -80
  3  596  -46  -51   98
  7  374    4   15  -29  -32   42   68  100
  6  564    8   17   81   88   97   99
  8  716   -4  -35  -44   55   56   63  -73 -100
  6  984  -27   46  -51   62  -79   84
  5  997    4  -21   62   66  -95
  5  654    2  -35  -48   67  -79
  2  413  -50   69
  7  505   47   57   71  -77   80   98 -100
  3  704  -36   56   85
  7  987   18   19  -24  -38   46  -48  -98
  2  332    2   30
  4  648   -6   10  -42   53
  9  101   -2   25  -40  -45  -49   62   67  -80   84
  3  281   -3   27  -34
  5  106   -3   10   45  -55  -66
  4   91   44   46   64  100
  3  703    5   30  -61
  4  111   19   69   72  -99
  3  776  -55   58  -68
  3  742   42   43   74
  7  525   -1   41   47   62   77   84  -89
  3  430    3  -24  -41
  6  929  -14   33   38   47  -59 -100
  8  284  -10   21   23  -44  -46   55  -61  -65
  4  731  -13   64   69  -84
  3  599   22   49  -84
  4  299    1   -7   38   94
  3   33  -61  -71  -94
  6  545   27   30  -37   43   95  -99
  4  753   46   60   61  -96
  9  437    9  -12  -36  -40   68   69  -76  -81  -87
  7  226   23   25   42  -55   62  -63 -100
  7  613    8  -18   34  -45  -77  -83  -96
  4  669  -17   62   69  -70
  9  849   -2   12  -31  -51   56  -63  -78  -82  -87
  6  600  -12   14   54  -80  -94  -98
  3   92   65   72  -83
  7  608    6    7   42  -55  -82  -85   98
  6  215   13   17  -23  -47   94  -99
  8  449   -8  -25   51  -61   81   83   96   97
  4  559   76   89   92   94
  5  413    5  -24  -65  -88  -94
  6  544  -13  -23  -34   77   78  -84
  3  862   36   74  100
  7  162   -2   -9   36  -57   65   87   93
  4  174   -6  -29  -48   61
  2  974   -3   93
  9  565    4   -5  -16  -31  -34  -55  -67   91   92
  6  440    4    5   33   65  -70   77
  7  686   13  -42   45  -54  -57  -93  -98
  5  610   -2    7   36  -51   55
  4  443  -11   20  -21  -24
  3  705  -26   36   89
  3  294   -5  -12  -51
  8  640   23   35   59  -60   77   78   89   97
  8  398    5   23  -29  -73   77  -85   88  -89
  5  116    8  -30  -34  -46  -89
  4  572    7   70  -83  100
  3  433   35  -66  -75
  4  124   17  -79  -81   87
  6  548   -4   43   44  -53  -76  -82
  8  939   13   37   54   64   65  -68  -78   93
  5  785    7  -46   49  -55   58
  4  601    4   13  -51   67
  4  886   57  -64   73  -80
  3  739   -7  -24   42
  8  471   33  -37  -59   62   68  -75  -78   99
  9  911  -11   14  -26   39  -44  -60   63  -66  -96
  6  252   10  -32  -41   52  -53  -71
  4  380  -18   20   59   98
  3  210    8   63   90
  2  944  -27  -53
  3  661  -46   61  -98
  3   39   20  -26  -68
  7  922   13  -17  -36  -45   65  -79  -91
  6   64  -13   21  -59  -73   79   86
  3  637   -7   20   45
  2  540   -5   12
  6  245   20   30  -58   74   89  -95
  4  733   37  -38  -60   84
  3  693  -50  -61  -66
  2  258  -44  -99
  3  834   40  -53  -68
  8  634   14   16  -24  -42   45  -55   70   88
  6  636   15  -52  -64  -70   93   98
  3  477   55   95  100
  5  511   13  -33   47  -49  -69
  3  711   55  -56   68
  7  359   21   37   39  -61   64   66  -87
  6  593   44  -49   77   88  -90  -94
  5  710  -22  -61   65  -82   95
  5  799   -7  -19   39  -49  -87
  4  803    2  -38  -47   53
  5  775   -6   10  -23   47   49
  5  577   -7   57   70  -90  -99
  5  293  -32  -61  -72  -89   92
  5  744    3   -8   11  -50  -82
  4  614  -19  -30   41  -83
  9  467  -29   34  -47   65  -75   79   82  -84  -93
  4   12   12   68   73   80
  4  374    5   12   13   74
  6  147   -7   10  -23  -40  -77   87
  5  853   -2   56   64   67   74
  5  768   19   38  -44  -61  -63
  6  281   47  -64  -69   72   86  -97
  6   60   12  -37   55   58   64  -80
  4  614    8  -42  -71  -97
  5  116   13  -27   62  -64   97
  5  252    1   10   50   71   72
  4  298   11   52   67   79
  2  651   66  -69
  5  168    3   34  -51  -95  -99
  4  295    7  -30  -34  -46
  8  942  -25   27  -28   38  -42  -45   49  -85
  6  802   -9   48   72   75   78  -81
  4    1    6  -11   87  -98
  7  290  -15   20   24  -36   38   42   88
  5  170  -21   43   47   59  -76
  4  226   -8  -60  -79   96
  3  658  -40   89   99
  4   59   24   85   89  -92
  7  236   -4   15   21   24   26  -40  -56
  4  774  -18  -23  -36   89
  7  477    5   -8  -21  -63  -68  -75  -94
  3  838  -15  -38  100
  4   83   27   89  -91  -94
  3  164   46   70  -80
  5  407   20   21  -36   74   82
  2  830   18   34
  3  113    8   88  -97
  6  255  -32   79  -91   95   97 -100
  3  189  -54   89   95
  5  572  -21  -25  -29   56  -80
  4  408  -58  -68   79   80
  9  318   10  -15  -32   39   44  -49   59  -80   93
  6    1   -3    7   13   24   33   76
  8  125    2   14  -17   23  -29   49   96  -98
  4  775   50   67  -85  -98
  4  439  -35  -55  -58  -74
  4  650  -22  -52  -61  -81
  8   23   40   51  -52  -62  -65   68  -76  -78
  6  868    1  -35   50   72  -95  -99
  6  370    5   33  -43  -51  -56  -88
  3  703  -26  -79  -81
  2  824  -18   31
  4  982  -34   38  -90  -93
  4   85    7   30   35   94
  2  957  -42  -82
  4   43   -2  -17   22   88
  3   98   12   54   88
  7  653    6  -12   34   35  -47  -77  -89
  6  232    2  -17   31   34   36   68
  7  686   20   40   43   44  -76   78  -98
  3  218   -8   30 -100
  4  368   17   28  -74   94
  4  588   -1  -33   36  -85
  9  579    6   25   27   29   64  -73   76   96   97
  3  716   23   28  -70
  3   39   -1  -14  -24
  3  560   52  -61  -73
  3  234  -25   84   95
  5  322  -34   43   53  -83   89
  7  535  -10   12   17  -23   79   98   99
  6  388   20  -22  -55  -75   86  -91
  5  373    2    4  -19   21   57
  3  415  -27  -49  -59
  3  193  -22  -45  -60
  4  109   -4  -17   39   78
  6  267    5  -36  -38  -61   63  -64
  6  251   -2   -6   42   80  -81  -95
  4  842  -23   54   81   90
  3  462   19   75  -78
  4  955   65   76   87   90
  5  252   44  -58   62  -73  -78
  7  224    4    6   27  -34  -43  -60  -65
  5  288   12   27   83   84 -100
  6  421  -18   29   30  -45  -48   75
  6   63    7   10   32  -47  -56  -93
  4  469    7  -28   40  -41
  9  325  -11  -32   34   35  -37   39   40  -42  -47
  4  630    6  -27   93  -99
  6  672   13  -36  -45   57   68  -86
  5  894  -20  -70   78   79   98
  4  506  -13   31  -49   84
  5  672    6   23  -63   68   85
  5  406    2  -17  -33  -41   69
  5  402   17  -21  -60   66   88
  6  625    7   21  -32   43  -82  -89
  3  318    9  -55  -60
  8  170    6    8   13   24  -38  -41   51   77
  5  401   -9   17   26   90   97
  7  297  -13  -44  -53   64   65   72  -82
  7  668   -4  -36   55  -60   71  -88   93
  4  574   13  -30   71   75
  5  109   11  -44  -57   76  -88
  4  709    7   -9  -59   78
  5  713   56   66   80  -86   89
  4  559   -7  -45   65   94
  6  618   27   28  -33  -47   55  -57
  2  931   11   39
  4  645  -15   19  -51   62
  9  908  -11   34  -49  -54  -58   71   76  -89   93
  3  298  -12   36  -43
  6  643    9  -12   19   54  -64  -75
  3  897   53   55   73
  4  334   -8   14   39  -70
  3  511   28   78   81
  3  519  -64   67  -77
  3  920   51   52   83
  7  903  -10   50   56   71   86   93  -98
  4  229   -9   12  -33  -50
  5  956  -23   42   47   56  -68
  8  356  -19   30   32  -53  -55   64  -70  -74
  4  431  -22   73   78  -93
  4  303    3   31   58  -93
  4  383   -3   10  -16   47
  4  166    4   -8  -70  -80
  5  409   -5   36   39  -46   52
  3  706   55   69   70
 10  353   -9   18  -21  -45  -49   77   78  -85  -90  -96
  7  959   -5   32   34   51  -64   71  -72
  6  989   17  -27   43  -54  -86  -92
  4  901  -26   71   78  -79
 11  807   -3   -7  -11   21  -40  -60   65  -72  -87  -91  -96
  4  244  -21   23   63  -89
  4  715    7   74   81  -92
  8  442    3   -8   15   16   51  -64  -91  -94
  6  972    5    6   22   26  -32  -56
  8  644    1    3  -17  -34   60  -70   90   92
  3  466   -3   85   98
  4  322   14  -33  -74  -97
  7  849    9  -22  -32  -43   86   87  -93
  3  626    2   45   83
  6  742  -11  -18   45  -66   74   96
  5  835    2  -15  -38  -57   70
  2  612    1  -12
  8  452   13  -14  -25  -40  -43  -64  -76  100
  8  644   -2   -7   13   14   42   74  -79   86
  5  111   22  -51   54  -63  -66
  5  748  -11   16   45  -60   64
  4  329  -20   29  -30  -33
  3  852  -35   45   98
  4  302    6  -14  -21  -60
  7  946   32   44   68  -69   86   87   98
  8  675   14   32  -38  -82   86  -94   97  -98
  5  765   17  -39  -43  -55  -98
  2  568    9   33
  3  411   16   79  -92
  3   83   44  -75  -84
  4  404   26  -88  -90   96
  7  180    2  -13   52   53  -62  -85  -91
  7  851   22   46   63   73   74  -77  -87
  5   74   16  -55   58  -64   67
  4  902   13   22  -60   76
  4  403   66  -73   82  -89
  4  976    8  -16  -33   51
  8  884   -5   42  -46  -68   71   77  -84  -87
  8  346  -20   23  -35   48  -53  -69   72  -75
  7  781    7   19  -41  -50   61  -62  -80
  3  337  -27   29   68
  3  337   17   72   99
  3  876   -7  -36  -62
  2  361  -55   70
  3   10   29  -35  -77
  7  712   22  -26  -45  -54   74  -88 -100
  6  680  -22   30  -68  -82   88   95
  3  962  -16   29   54
  3  300   -4  -14   21
  5  564   29   39  -67   83   98
  4  658   46  -47  -69   93
  4  741   -8  -59  -70  -75
  3  103   49  -62  -77
 10  675    2    7   23   25  -33  -51   54  -64   79   97
  6  848    4    9   24  -61  -73  -79
  5  882   22  -42   56  -58  -78
  3  497   64  -65   77
  8   95   -3   30   46   48  -70   73   75  -96
  6  464    4   53  -58   86   97  -99
  4  842  -31  -70   74  -91
  5  952  -16  -28   48  -58  -96
  4  606   11  -47  -56   62
  6  398   -8  -15   19  -32   56   58
  5  142    1  -16   66   79  -99
  4  549  -41  -70  -81  -98
  5  599   12  -17   20  -59  -91
  5  856   -2  -28  -39   50  -92
  8  851  -38   43  -56   74  -84   88   91  -93
  4  228   21   77   82   89
  4  169   14   21   22   83
  6  958  -16   19  -32  -49  -86   96
  5  913  -11   65   73   76   83
  6  287   -6   28   47  -53  -70  -72
  5  458   56  -73  -78   81   95
  7  716   -6   21  -46   64   67   73  -89
  4  526    6   17  -51  -80
  4  970   22  -36   71  -73
  5  855   10   19   59   80   81
  4  180   20   61   76   88
  3  414   -9   75  -78
  2   59   -4   -8
  3  283   12   43  -60
  4  701   16  -39  -43  -55
  8   38  -34   36  -37   47  -51  -54   58  -94
  7   63   -7  -18   57   81   84   87  -90
  3  865   15  -20   96
  7  602  -24   29   33  -45   47   51   97
  6  223    5  -30   52   56   68  -85
  4  577    8  -17  -69  -88
  3  220   -1  -49   98
  3  640   33   94   98
  7  600  -13   24   30   33   35  -49  -65
  5  659   -3  -27  -32  -45   98
  7  993    9   14  -17  -30  -72  -77  -84
  3  307   -3  -24  -47
  3  895   36   98 -100
  3  556   55   79  -89
  5  782   29   30  -45   83   91
  3  976   -6   27   43
  5   63    4    6   -9   17   97
  4  587    4  -41   88 -100
  2  963  -63   98
  5  814  -30  -34  -38   65  -89
  5   52    2  -67  -77   88   89
  8  997   19  -24  -41   48   53  -58   68  -89
  8  625    5   -7  -12   16   22   33   42   85
  7  466   -7   11   23  -26   32  -38   58
  3  930   59   76  -94
  4   86  -44  -64  -67  -83
  4  727  -31  -61  -70  -90
 10  961   -4   -8   49   60  -61  -71  -74   77  -85  -87
  4  717   10  -44   59   81
  6  335   14   42  -52  -60  -65  -97
  3  253  -35  -88  -90
  3  899   -2  -27   40
  4  430    3  -43   47  -99
  3  493   16   39   44
  2  972  -51  -91
  4  145  -11  -26   31   97
  3  194   21   63   97
  7  706   15  -21   43   44  -56  -86  -98
  7  249   -7   11  -26   40   43   45   77
  7   25   -9   29   49   52   53  -85   87
  3  853    3  -17   39
  3  622   26   37  -83
  4  141  -10  -42   45  -94
  3  478    5    6   58
  7  359   15   34   36   38   73  -82   85
  3  194   32   37  -79
  3  731  -10  -23  -33
  4  526    4   61  -70  -82
  2  263  -34   93
  7  261    7    8  -43   52   62  -92   98
  5  747  -19   21   26  -32   88
  6  748   29  -31  -64  -84   95 -100
  5  314   11   13  -28   30   66
  3  157  -36  -58  -68
  3  892  -31  -54  -69
  4   51  -13  -26   48   87
  7  115   -4   14  -45  -47  -70   72  -73
  5  478  -11  -15   51   89  -90
  4  742  -32   63   90   99
  3  781   28   84  -87
  4  269   74   85   96   99
  5  320   53  -67   71  -82  -87
  8  799   -9   13   15   36  -43  -52  -69  -74
  4  565   21   36   92   93
  7  493   -2  -27   38   39  -54  -57   84
  5  241   16   19   41  -56  -65
  4  700   16  -37   49  -50
 11  457    2   -8  -20  -41   43   44  -46   48   49  -51  -56
  2  912   15  -36
  7  584    7   22  -45  -54   66   77  -95
  4  208  -29  -79   87   88
  4  309  -22   40  -58   93
  5  767   15   32  -72   77   94
  5  970   11  -26  -42  -50   78
  5  574   26  -30  -69   75   97
  6  717   16   30  -41   52  -91  -98
  3  379   18  -64  -69
  9   47    6   15   17   22   33  -47  -50   60   86
  4  802  -18   26   35   99
  8  427    2  -22  -53  -62   73   74   81  -91
  6   30  -13  -45   64  -69   80  -97
  4  435   22  -39   80   84
  5  806   20  -53  -66   85  -97
  4  743   16  -18  -68   87
  6  693    3   65   75   89  -95   98
  3  460  -16  -54   74
  6  661   36   37  -42  -56   64  -66
  2  997   20   48
  5   84    2  -24   28  -60   71
  8  370  -20   43  -58  -63  -67   80   85  -98
  3  376  -21   45  -52
  6  576   18  -21   28   63  -73  -84
  3  174   62   64   82
  4  203  -17   23   48  -79
  3  674   37   87   90
  3  721  -73   76  -86
  5  804    2   -7   60   61   92
  5  952  -19   59   65   80   95
  4  699  -18   21  -42  -59
  5  489  -32   51   56   65  -77
  9  461   -2  -28   39   41  -62  -64   73  -79  -83
  4  459   -2  -31   82   87
  3  377   12   40   67
  4  795  -12   19  -25   56
  4  627   13  -17  -79  -89
  5  365  -14   45   48  -55   61
